NaN,NaN
NaN,NaN
NaN,NaN
NaN,NaN
NaN,NaN
NaN,NaN
NaN,NaN
NaN,NaN
-77.0236887489958,-81.7198705788654
-17.8414029321445,-28.5500615343176
-20.2911327590825,-31.1050076969014
-21.5618371482881,-31.9531185293431
-22.0640450910558,-32.1889300667817
-23.1900222612643,-33.0976237402119
-25.3461955073672,-29.5087309903797
-29.7195999045871,-31.8313902618937
-25.9154050956149,-28.8082789629314
-21.6165232835509,-30.6002037778986
-24.6805069799829,-33.3384372202549
-18.800726316232,-25.7139832406631
-19.8031520825611,-28.3615243674722
-21.1036001321528,-30.0919058195842
-22.8101274463063,-31.7628336188516
-23.4180671521116,-33.64955854745
-30.1446577151479,-32.9441869100403
-33.4444451442902,-34.1813030941206
-22.7269166324376,-27.9321681266469
-21.6573984678997,-28.2548015814529
-24.4749501611499,-29.443320295037
-27.0112676697782,-30.3764348627818
-32.7203202306992,-30.9417910500312
-26.2986697619506,-31.0171611779379
-25.8260052913578,-31.5617731399289
-25.977652398549,-34.6410995748751
-36.3067815598879,-43.5733019405501
-40.3458449622713,-46.4769248254832
-20.8883312002915,-27.0182585690826
-22.2022662478307,-30.405392736385
-24.7391274002464,-34.5644710495059
-26.4235433924996,-36.3335509479543
-27.5305739699455,-35.5513969581569
-19.0871750377478,-26.5112421580859
-23.2361145315702,-33.486637345057
-25.356543091469,-31.1097459407325
-23.5826218474321,-32.4059397389793
-27.8259940225822,-35.3711073884371
-23.4644381384513,-30.7084284058701
-24.84027458599,-32.8244544990132
-21.0793582546003,-32.8085566374567
-22.7193816966976,-35.1607658179134
-24.1713441716768,-36.7036716177346
-24.615374433089,-37.5880544617006
-24.6787135392467,-37.9673624269452
-25.348418040171,-30.7042771275785
-30.789026450738,-31.8897498384337
-24.4021542914348,-32.7215654043573
-20.7033824547422,-29.8635146150655
-23.8988508653732,-32.1015407588543
-21.2868075748531,-29.9049663754894
-22.6038212635941,-29.7898280382142
-23.6984698309609,-30.7632827329064
-23.5117424904692,-31.2817137711456
-23.609231309123,-32.2583971945668
-28.8120470052541,-32.6933525659804
-33.0997501403268,-34.4914206906138
-23.4674809583536,-36.8573963375044
-22.7676836048658,-27.4131414605458
-24.55958987475,-30.4663331947862
-26.0968491318981,-31.1097266459214
-31.7429629833094,-31.0244283709875
-26.6229523339412,-31.4364584036071
-25.7346230701671,-32.6439201484068
-28.0023772363479,-36.1702863924451
-32.7209801374968,-40.7419825840267
-37.2725588565429,-41.9708639461469
-19.8014817014956,-26.4511703120541
-25.2292311977142,-28.493306325715
-25.3079653134645,-33.4470551183177
-24.0422352974673,-38.0589388071955
-24.2877128428408,-35.5328206193979
-22.3127623993581,-27.0150981330092
-23.8963368881414,-34.6772321194431
-23.7167550547744,-30.5014869722156
-13.3796432731529,-27.1825510967688
-12.2057563029711,-30.0406510753525
-14.1739106073106,-27.4573812722667
-14.567358141012,-27.9160301425677
-17.6917538515548,-31.5092726703951
-15.9868497864618,-31.132229516437
-17.9361691963867,-31.3242962761797
-17.0043094815857,-33.9657976476148
-16.7814407633258,-34.4016338905714
-21.9473223347817,-34.3460733764801
-22.1299947343311,-35.8584841609795
-24.9455953089094,-39.4020160092361
-20.7323049133166,-36.2013642656468
-24.5981117178286,-37.5157215330614
-22.468859073183,-35.7450211369885
-16.4308791366872,-35.3186514373736
-19.2785442792473,-36.0255471809786
-21.7518647457262,-38.1175294779691
-25.0464338823195,-38.6274654914722
-24.8908338480101,-37.7284363504677
-26.5988199530071,-39.8457258027513
-21.250766328611,-32.3963169783743
-19.9845269127526,-35.6070282230467
-18.2291804833835,-35.7833797463042
-22.6510148398904,-39.4857976942954
-27.401756700583,-42.6312081390997
-22.8554107900976,-40.2353357329403
-26.036817287253,-41.0520655390717
-24.9260700263083,-41.9298784071607
-19.1252321568344,-39.8715152704638
-18.2084563501681,-39.9316435306795
-21.2760963212982,-38.4442428935969
-13.9620341971258,-33.5813267327891
-16.4254105340463,-36.729261952346
-19.8945254980255,-38.7885930641408
-21.2642334377963,-42.6077734179994
-22.4066113820431,-42.767607845752
-24.4287989581177,-44.6605400447916
-25.6877488094155,-45.0242141456519
-23.0069723200757,-43.8979537094381
-21.4242418685608,-43.2330858207322
-13.7386847677007,-32.1055883943768
-12.0598740954693,-29.540638028043
-15.3817874355299,-34.3442215511483
-13.417851113665,-24.223769620156
-18.6097532916749,-27.3985292176582
-18.0001997168906,-28.8398267878398
-19.3404821295357,-29.6572418224248
-20.3805409531699,-29.8518972398194
-21.6363212020968,-30.1273746651842
-27.5964976171598,-32.3658038880979
-23.320311050744,-32.0506119676824
-19.0002821994705,-31.1425007499896
-20.3966254994844,-30.1060806335552
-14.7619247502072,-31.335089135083
-17.0070609122837,-31.8092868815337
-16.5950260108927,-33.546435855472
-19.088011855381,-34.8969276158172
-21.8627294156963,-33.5444364109864
-22.0686516032578,-36.2208859421743
-26.3000445545131,-38.3033949944977
-23.357319877623,-36.9237309126127
-16.2568837077813,-31.8200082179622
-18.7638865661978,-33.9417839991898
-18.2861216238984,-36.6104288546495
-22.0084686615672,-38.1789519323585
-22.0307549248848,-37.5550947411547
-23.4278453293036,-37.6203904526559
-25.8021453159487,-39.4086187135454
-24.1429502803071,-39.9604634349969
-32.6987971405563,-44.4674761885993
-16.1018641516192,-35.51705694718
-14.776785645639,-34.8649985373613
-17.2338986950638,-35.3932130608928
-19.0682855134797,-38.1825453964572
-21.5181061844103,-42.2220154131288
-20.5381377636105,-40.9485044127226
-22.8406414168684,-40.5471678303344
-24.7630097170341,-42.7536107067825
-33.1081827789781,-43.7639502857166
-29.6825270141319,-45.4662473751536
-22.3509264968513,-39.3601927678607
-24.7886045108582,-42.4701310982504
-18.3446323727921,-26.8648576442948
-18.0883220710325,-26.7023871278232
-20.2093572880179,-28.4650595773811
-21.3469077554887,-29.4694341031093
-17.5428737500607,-29.4237193222266
-15.1588185120526,-30.4466196768524
-18.1609024901865,-32.4226367424993
-21.5779422570324,-32.496711781348
-15.5488174175321,-31.5179391665187
-18.8570369341511,-32.7853815664578
-17.8403167536791,-31.6357363979623
-20.5892691465535,-31.7460793054152
-21.1756271057453,-31.8261508402158
-20.6617299878365,-35.115148067437
-17.3648296546908,-33.9285731346284
-19.7759478335764,-35.6297772158915
-21.4790289057701,-37.6885661341367
-22.0842224390306,-39.3849271945248
-16.6212434659593,-34.9796925427921
-17.0187325630672,-35.9638998353908
-20.4633320300127,-38.7991562362443
-25.6086544559898,-41.4115225484955
-21.0552674299329,-31.3720689955582
-18.3657619130646,-36.6014893277382
-22.7402137753704,-40.0870481395745
-28.9296835083251,-42.8283305420727
-20.5004612343589,-37.2399330212784
-18.9314371797095,-34.6361221478302
-19.9638361040597,-37.8422866530201
-22.3256730385273,-33.4720567598718
-22.5789326251801,-35.0059625939855
-18.0757260500094,-36.1305802945575
-15.275805111803,-36.3201617662016
-18.8964536400508,-34.729497427305
-20.389230389537,-30.5705172561406
-19.1842786206397,-39.0841788224291
-24.1383296756703,-42.1996435776827
-20.6428549318788,-38.2284459858913
-22.3046317981628,-40.0523699518087
-19.3324584612919,-27.5558937297274
-18.3321802704529,-26.2988117072303
-20.4543301921942,-28.0647258236286
-21.0099642104059,-28.9285040481867
-21.8829129707627,-30.2269300176672
-23.4738081570007,-29.9854119914805
-28.3056661164302,-30.3223547832245
-30.8200306770708,-31.8264657751384
-19.173218592996,-29.5095757235896
-14.467006736776,-28.170635965832
-15.6188900537821,-29.4413021213197
-15.0995014940071,-28.7919236190573
-14.8273483181585,-28.9981672184846
-16.1121779454226,-32.1954311945816
-18.2453121605941,-32.9771748343227
-22.2468583472137,-33.2083964691441
-15.9857727865168,-31.2501921158693
-14.3640095001894,-32.4284960856796
-14.3787920435535,-34.3046799578987
-13.8980821249716,-38.0711039231891
-15.0579913761261,-35.3728632514848
-17.8868643617731,-33.0861611804975
-17.7608697137841,-33.1079363748413
-16.8494376126909,-36.7027695783806
-18.763253956923,-37.2909575332398
-20.4947055148471,-38.7106603314199
-25.0377918543154,-39.6653762369417
-24.7400453793225,-39.3530262226927
-17.7647319377806,-36.2020585861958
-21.3962648188613,-37.5296641270947
-24.1905745723278,-40.7690848789054
-22.5212717527367,-40.1105215892582
-21.8000174070044,-40.0872878288115
-21.6110503808452,-41.461685156049
-22.7749009274942,-42.9305707140755
-25.9332162606244,-41.1940995577564
-27.0908857455616,-43.4485813500076
-25.4888621948678,-41.4279669920393
-22.6853777411243,-40.709285952262
-23.5789572898332,-41.6413311876966
-17.6380514032149,-24.8927938236451
-19.5350956017888,-27.9995720281778
-21.1607827384571,-29.6584483131403
-20.9430341433436,-29.4811781648167
-22.5422943941776,-31.3449551406725
-25.3378192745846,-28.516990665864
-28.3516556592741,-29.5919334585941
-19.7592994876048,-26.5721282154382
-19.6832206006654,-25.6271474637142
-21.833584618764,-28.3601541726452
-20.3853186052751,-29.9219322896423
-21.0746592849364,-32.8172762476999
-20.5491499842758,-28.9333749768359
-22.6552333682921,-30.942757241851
-22.4580429484395,-31.8286162901356
-25.3129653173157,-32.0181838672464
-32.580097018173,-32.8318447015549
-22.4646038717088,-27.7089135521353
-23.0114813428539,-26.840527495625
-23.4374023041245,-30.2649426579188
-28.2201813501524,-32.3263547498214
-32.5391936649041,-35.214315390174
-21.8374806410834,-30.8460101882205
-22.426045393026,-31.3622879522718
-24.1614113203698,-33.4094494729924
-31.0637202144017,-33.372001747995
-33.4121510437968,-34.5511496795202
-20.5442604164022,-27.2317331730579
-21.5414250859872,-29.1195478006836
-22.038205075453,-31.3655899359717
-23.4665297010564,-30.8141787075461
-25.3070475545446,-32.3290298324969
-22.5676909087941,-32.4839099568775
-20.1196376647285,-34.9766844618817
-12.4446404833291,-31.8322781215958
-9.27418871049159,-26.9747828968325
-14.6368779583214,-29.8993868052778
-12.9043419115193,-27.8347484255247
-19.0673122241811,-31.8158676142742
-15.2805431522063,-26.9940726531021
-15.4377959868309,-28.5984622655354
-16.5965690376687,-29.4422923498361
-16.7573047001925,-30.2501612349558
-17.2335136153058,-30.6132650385397
-16.6577433325991,-28.2377283640496
-18.054346461083,-30.2365257610952
-19.1266917825979,-32.4425320330448
-14.3185400980187,-29.419042723052
-18.239762538196,-32.1657257614882
-16.0202581145883,-32.0309305615138
-12.7900810713088,-31.9392516556545
-12.5254216312094,-32.2511058912638
-13.4409647288621,-31.0430050314227
-15.7874605722796,-32.8192754148345
-16.3145532032228,-31.3225035348684
-15.7853587733928,-32.2367053225408
-14.1670875747002,-32.5245314451702
-13.58330322252,-29.4847177952984
-14.5416902678547,-31.8470772630323
-17.3539824939655,-32.5704570365415
-19.4994101679309,-33.166650768707
-19.5681651430823,-34.0775387092157
-18.5671277638314,-31.3128108671416
-22.3618862619342,-36.310492704026
-16.2922982971047,-33.2265015737662
-17.6957780415407,-35.8371708233432
-15.5535938048539,-35.4194865202156
-16.6467970922595,-33.741899271167
-17.4652209069854,-35.8517614524887
-19.3528783200326,-37.0222691512215
-21.1181743136928,-38.3707271121174
-20.7798510607395,-38.400820926613
-15.5422478453945,-32.2135813140474
-18.7801760571018,-35.4818392151487
-17.4911898289684,-34.548357705752
-20.0983249894998,-38.6851447148863
-15.8422424583366,-33.963315208799
-16.4462880458417,-28.5924061165541
-18.3513329725559,-30.6613812430881
-13.1385774838375,-25.0255834681348
-14.734803613519,-25.7145942797951
-14.3827415951473,-26.1123451112864
-15.075155551413,-26.6387338014427
-15.3256257178201,-27.9598606506833
-17.2741564574542,-27.6895908045333
-19.4394052176739,-29.9842048173601
-19.2717538248398,-30.7708219952737
-14.3033234137235,-27.6986760936128
-14.5105818609045,-29.5149628209671
-15.0748791812479,-29.9657603707527
-15.4495990910805,-30.5625098958323
-16.2345629378552,-30.6779936956249
-18.0476793985384,-31.4857036824133
-16.63424115417,-31.5077776748376
-18.5393474789977,-33.5698228486631
-19.4699994521431,-36.2931669993934
-19.2654029854914,-38.3626021148065
-17.2800519248524,-34.415975783749
-17.7277757219319,-35.1655369964433
-19.3618665160148,-35.2697207962068
-19.8437461537877,-35.6258495754741
-18.4279603679936,-34.7921088059093
-20.5422806603365,-34.164759524724
-19.9392769973193,-32.6886781012656
-20.9982529458844,-34.680405918855
-24.1223979535357,-35.9474982329377
-14.904974936964,-32.8870715045344
-17.646438841198,-33.8190370430253
-20.0900194412203,-37.5291548268341
-15.9856936565585,-35.202005992593
-16.0137035602627,-34.0804531135764
-17.4255087411162,-34.9372394668417
-18.1326376459611,-35.4772653273907
-20.5482372759171,-38.4656248255949
-21.5857533741967,-37.031742407879
-22.7345361088675,-37.2879914019798
-20.5074946169555,-37.2805092081987
-21.4124606617248,-38.5419784294713
-17.2746914222387,-32.2850177335785
-13.9564330311707,-25.8590605024159
-14.1291261571349,-27.9579866427122
-17.0294135382302,-26.4737735073263
-17.7665495898448,-27.4413206923068
-14.751088383059,-28.0005715408484
-16.109442484495,-26.0120432021556
-15.9689514782869,-26.1030021057654
-12.7563447426904,-26.9594263510274
-11.3938698291181,-27.0604386199342
-13.1128561694181,-29.6078385277931
-12.2063933118447,-28.7538032601127
-14.6299381948418,-30.6258017947289
-16.57165501155,-26.5685817214513
-14.0416747349363,-28.9778972981247
-13.2083847127682,-29.5641094615603
-11.6671542218139,-30.7575696747183
-13.4258824510222,-30.976831053206
-13.8946904722164,-31.1088835583806
-14.1323458043127,-33.4973823443751
-13.4525862793847,-34.2862815022454
-12.4560052500141,-31.7341428650075
-14.0564884699719,-29.8771284748355
-13.4675145530674,-28.3043768450372
-17.5795500322005,-29.6190961588219
-17.5944168028726,-29.006862898571
-14.9234719205323,-28.7926549500479
-14.9370258323635,-29.426657484709
-14.8596885667509,-28.1765123108385
-15.1373322004713,-29.8510278928298
-17.1719565516987,-29.1119230268522
-16.139616940467,-29.3756680749619
-15.3270377265727,-31.7305671676905
-15.0762784359037,-29.909455680444
-17.6869468728845,-32.142127770328
-19.0843420318377,-31.1985595952793
-22.1609763827676,-33.2780601623754
-21.3727113759574,-34.9066502924262
-19.888862628561,-32.5790302410383
-22.1601638876572,-37.6313845741489
-14.4508863834243,-25.930827209673
-15.4277200774023,-28.5040932907571
-19.2995492824917,-29.8686345872566
-20.0566784870065,-28.7171212044163
-17.238915487023,-28.6923611706836
-16.1038145684611,-27.7661619517528
-18.7688413603078,-28.7975330106418
-14.868054446548,-21.6896697283295
-13.5468934457974,-21.0746402604372
-14.272183077913,-27.0702010117046
-14.6325400076024,-28.8185260773561
-12.6462743918907,-28.924880635595
-12.0232036230795,-30.9193178665533
-16.5457976816916,-29.4158080728822
-17.479811554062,-29.1590651759684
-11.2328835105278,-27.8758913122392
-12.8457767805732,-28.9667229871965
-13.8874811577327,-30.3068571733969
-14.2874801569077,-30.7547103943782
-15.3399816982542,-32.5878886676242
-18.436075947413,-32.7606008567834
-17.5557227628269,-32.7648387064394
-18.1287730469038,-32.5075046662603
-19.9163606936515,-34.461958146216
-19.2774031152716,-33.8484670245512
-19.3518518295496,-34.3825019455421
-19.3824471293765,-37.4765872605806
-17.4100965681487,-35.7562354747798
-20.302557262038,-37.7841056738999
-19.8469684412132,-38.7182469556208
-22.6931152500544,-39.565843576958
-21.8962278174664,-36.4214747633274
-16.2029971077844,-32.554148482269
-16.2805745067948,-32.0693571760529
-16.2288964605435,-33.2690588005716
-18.0564019212011,-35.7984094624168
-20.6293880682508,-36.8996881299685
-20.23499904131,-36.7034456548301
-22.3531378196424,-38.2583193006381
-16.4168786694433,-29.0367685497086
-15.7779894483798,-28.6917018418195
-16.5594795437402,-29.5357985955454
-18.9362981137479,-29.6784243294773
-20.6115252100092,-30.6711193815354
-18.8511897246261,-29.8165787224768
-21.3201665609042,-32.7157051155323
-22.6067893997778,-34.6242058300211
-18.0818624607194,-28.8025253140699
-20.1637848861519,-30.7511951749475
-20.5240590349383,-32.9462024801278
-19.6383765352969,-33.9106921700262
-18.6519772872202,-33.0089685887227
-18.6025202400422,-32.6889256315073
-20.8909539896424,-33.070021461698
-19.8648185011405,-31.1880114621441
-20.8358762931591,-32.5165958722125
-18.9032342560875,-29.7691420399531
-18.1347108325238,-29.9512976922915
-20.2114709747502,-31.9286227938689
-23.169095415032,-32.2755611653993
-23.1579466486516,-32.645313318934
-19.7899449426439,-32.3695260453445
-21.2573131300563,-32.5840337909027
-23.5994799803705,-33.9104940434243
-26.0218476042358,-34.8711414351699
-26.7215365768352,-37.2759774566522
-20.6067187321036,-33.6580443395199
-23.9055971419746,-34.5710721088169
-22.4422983602122,-33.759846916359
-21.9596630598381,-29.4042206894572
-24.9521659079475,-31.9988424837746
-22.1533240022207,-32.9333635900714
-23.4224730711962,-33.2964910934664
-14.1244795197882,-30.5780131725661
-10.7586107059041,-30.2713270833587
-11.3322771066022,-31.362922977897
-12.5810040066817,-32.6597415475704
-13.8448542493752,-34.6024621265266
-11.4936139266612,-25.9042657000117
-12.9941120755807,-30.6049260469147
-13.1259390068094,-30.717624617703
-14.4602894318486,-31.7828937715019
-17.2192669900655,-31.7126799913872
-18.463309868308,-29.2745947707264
-17.2789612328721,-31.9029535813799
-17.0915799455909,-32.8512825376009
-14.2351641068094,-28.0192774536578
-15.4058211485536,-32.4739559417531
-12.0415868786466,-25.623528214806
-14.3953392391812,-32.1714422432663
-15.9178977593905,-32.8604959122908
-21.1317648984987,-29.0167256755917
-20.2248798748227,-29.5546984950814
-19.0265414248064,-28.4348778999094
-21.4694770553388,-31.2861489583678
-17.8458410331996,-28.8558992233331
-14.4534845454725,-28.7207938645539
-14.6766871081252,-30.6022042317929
-14.7292975869584,-32.3607676393928
-16.255904911886,-33.184787694859
-14.9253652480454,-30.2545922536779
-14.5878830049567,-29.6513237267946
-18.3778485574525,-28.9682184379657
-18.8962528464175,-26.9800064828497
-21.2557526176455,-29.0803677982458
-18.0119120222827,-29.9856996211315
-15.7015053285591,-31.53638140476
-18.2763846006178,-34.7746137329738
-15.4130180283461,-29.6179121839774
-16.2858946590701,-30.3961581504086
-16.3865704923095,-27.8656617425446
-18.0524407043141,-27.2175937217833
-17.3097024563129,-31.1740881916048
-17.9895354432894,-30.3322193829798
-20.1987031436033,-33.3429753672824
-18.470723757798,-32.0181240636623
-20.850461558178,-33.2817492567943
-14.1912619633111,-27.1201357841145
-17.9791509806926,-26.202313594237
-19.5659423212156,-29.9014144264335
-18.91497907419,-27.5755478138278
-21.575591005758,-30.4559777809916
-15.6603171303167,-27.0037636957764
-14.9034230195467,-28.1003992934272
-16.5867937023426,-28.2731430840262
-14.1737020555338,-25.7696172976125
-16.3578383578953,-31.7121272502185
-12.9529371905118,-25.8520791320779
-14.5722991851658,-29.8080224222649
-16.4701795773814,-31.29240855861
-14.7415058552171,-30.7606574307993
-14.3753141499111,-33.5692127773965
-15.6620173774571,-25.2634192554789
-20.0323458465736,-25.812623387627
-15.8067436957194,-26.6746537221096
-13.7395140372506,-26.6717531869443
-14.7521415752815,-29.5961460448927
-14.1475683406866,-29.1155403883361
-16.4126736617321,-29.2722641068396
-15.603687258743,-26.6192139232537
-16.9253610547344,-26.5763275913853
-17.7378170741184,-28.0383018012976
-16.6364772287232,-27.3608232946821
-20.2023754653525,-31.1427003594316
-16.5300700425917,-28.4274044700826
-14.2800903009259,-27.4634933807118
-15.44032517665,-29.2410742029426
-17.9948457585372,-29.7053112807858
-20.2426522439783,-30.5153744800874
-17.9004451351983,-29.5335839066411
-18.1375228390972,-30.2287757190212
-18.1974249355522,-31.0369340479653
-16.7040301797579,-29.4903501452593
-19.2416569105991,-35.3207529731572
-18.554616386928,-30.8803123562174
-20.4335858779013,-34.6787615529254
-13.1764951441654,-27.297821896718
-13.4971895970066,-29.0752950018497
-16.9756220261571,-28.5354378229899
-15.7199543396141,-24.2749136948328
-15.909084082665,-28.1952327225107
-17.7762816115265,-27.8756146944565
-19.7292568204352,-29.0842314686374
-20.8454944297042,-32.9351295078661
-14.8364799183216,-26.6811394269482
-17.1854003576296,-30.4409432627527
-13.4593327986535,-26.1649690579629
-18.0141264633677,-30.3151391540792
-15.8606262181292,-32.2010168058377
-17.2434893954371,-29.3871626992812
-19.1848065239438,-34.023775111219
-18.2592559303754,-30.8302735672518
-17.8247755157241,-34.1796867831274
-15.3237008429912,-29.9431563740852
-15.4593630544813,-25.7458205339914
-16.4106675994243,-27.5378070665501
-15.632967061537,-30.0900712102086
-16.6585066272286,-30.9747475157373
-15.189153787113,-29.5870254192966
-16.6212210811162,-29.5150454935599
-18.2733329049845,-31.3593339433754
-18.9532494513433,-30.9907993490551
-19.2823992502968,-34.2970117582035
-13.5072684869854,-27.8427772078423
-15.5387208861243,-29.6869000445129
-16.7694195715217,-32.16709107624
-17.714015813062,-29.4083910836129
-17.7636492543325,-31.065312596751
-17.9061096047066,-29.8867608284119
-22.5290728452561,-28.8179300975216
-15.9219123371649,-31.3210247163919
-16.7292296181749,-31.7542668469186
-19.6048005588804,-35.0878675041754
-15.9833475337632,-33.4368804966639
-16.659270171981,-33.8297802149404
-12.6582915376136,-25.2575902938297
-13.6183692163274,-28.2454439739301
-14.4224817155326,-31.8762981675007
-14.8430191383644,-27.9089530698401
-16.6605163294661,-30.7114413448322
-15.0445297872969,-28.8432364736793
-14.3248770018416,-29.0812423996244
-14.6098119776509,-30.2978211676275
-13.247504977633,-25.1830934747412
-14.898760527131,-32.0942992989296
-12.8654336470022,-26.2705014214441
-16.5360467486203,-31.975401055482
-18.2341948317897,-33.4023168140182
-16.635468575684,-28.7975576034325
-16.3153543238771,-30.4953108042284
-18.5541004010264,-32.3075502626798
-19.0066371862938,-31.6637903566836
-14.9521515832781,-28.2632434555843
-15.5699207838518,-27.0415940630373
-16.0425171861857,-29.8958599207531
-14.7915252371976,-30.3949582304354
-16.0039718288114,-32.1220545974445
-14.777095517387,-30.6756780561718
-16.4081895370595,-31.3685093599914
-18.2980520201473,-30.5181559053164
-19.8042147941909,-29.3549943980883
-20.0349979106888,-30.5348938075209
-13.3601159835632,-25.1540141815847
-14.2870087610921,-26.2443172890873
-16.4902177256405,-30.8218361440789
-17.2240690062308,-32.2676134720609
-18.0200959419799,-31.6847247881268
-18.7905569247498,-29.5190083044599
-19.4068368881707,-31.5270312713686
-17.8143662569709,-28.1431431542431
-19.0305782639878,-29.3788776723489
-19.7570898628261,-30.6527937723254
-18.3769178568978,-27.8057502533435
-22.3126997333964,-31.250160766177
-11.8891003281008,-24.2540979476737
-12.1257719489571,-27.914437594967
-11.7573600495103,-27.9730887458576
-11.833994406525,-24.5551043006839
-12.0653959112572,-30.1231606725539
-12.7760122551569,-28.0705882939903
-16.9368068874834,-28.6512416199098
-15.7958969589222,-25.0258026957752
-17.5461355303943,-22.2109347424924
-17.8114855086356,-22.2632671915343
-11.9292365487765,-23.7517327463407
-15.5218529924732,-26.0024256295604
-15.6627818393528,-26.9765490606805
-16.1486732011694,-26.2022577054565
-19.3381928692783,-30.0459316405203
-15.1995074705787,-30.6408246117719
-15.0704932266114,-34.4100658123829
-14.1957580666269,-27.9886326452473
-15.9494340576344,-27.9079984377157
-16.4548863471408,-27.6296878261351
-15.4338522026018,-26.5655794651574
-16.1192227357973,-26.7352448988564
-17.1620899211277,-28.0505617907945
-17.2219979630448,-24.6880167348375
-17.8850899017437,-27.7884856917429
-17.840143585306,-27.1630153083701
-15.220185597311,-28.3958601036399
-13.3980926440898,-25.7608471434036
-16.1943935561505,-29.4006188182629
-14.2516731655975,-26.592421288613
-17.583728966564,-29.6294520694153
-18.6419321962673,-31.1735943895303
-18.4156971246688,-29.630418842886
-21.5640236828277,-32.8140052867112
-15.5410927527686,-32.0407800347005
-16.8419385394164,-34.102567415271
-19.2016219949415,-33.9427683327826
-21.2731538881627,-32.5032863696497
-25.0945333248973,-36.1142239825432
-14.832441372359,-27.425848716444
-17.3511122020881,-28.8825513665278
-19.9062259075898,-29.8377907810293
-20.3983276343152,-31.5576915962824
-20.2077165986418,-31.545010647739
-15.0165376923151,-30.5571032031912
-13.9483720342264,-33.6274626328901
-14.486318428334,-27.8804725582634
-16.3201920875511,-29.7775088456373
-14.6935761473645,-28.7761430391747
-14.2446558938749,-27.9563985965975
-16.8453746911914,-33.1665410127752
-15.0263780980938,-29.2288248995405
-16.2673124390552,-31.7207518883794
-20.3038756822468,-31.9926685938911
-20.8274065693474,-34.5031668779811
-16.3568155976229,-32.1604951476077
-14.795851665682,-25.5484967321583
-16.1924509682927,-28.5197257963123
-17.5184513392338,-29.2582732075722
-18.0793403061034,-31.0670921613349
-18.1082816901106,-31.2374953133252
-19.3158212007684,-31.280045441461
-20.5760520569381,-32.9249646954545
-18.8083167908855,-31.0019932490551
-19.0050575240065,-30.0743176766946
-14.4603601409319,-24.4256017660043
-13.9875617891774,-25.888437410472
-12.7024086311503,-27.5885966986395
-14.2156141268725,-27.0940258635278
-18.869200450583,-28.9136383381311
-16.5082075770974,-27.2284525634273
-15.6745834828146,-28.0815074575367
-16.566230309567,-29.1725600989558
-17.8094463544804,-31.8663850373912
-21.4484514004318,-35.8626989060872
-20.2112623956225,-33.4588904499171
-23.9014864197473,-36.7551604015827
-21.2554225072126,-30.9184951205273
-21.2873532044004,-33.046480829596
-21.7467095985924,-35.021507648009
-22.1216800616584,-34.1705293714447
-21.8535493663994,-33.8247086156709
-20.4732251050657,-34.0035623939751
-21.5910745353148,-37.2544419483799
-20.0174272588213,-36.6285155727615
-16.5875846307443,-27.8972504119571
-15.12367827563,-28.0161894936115
-12.5699387327869,-24.7327121285836
-13.3304807784593,-30.8341670020197
-18.9863409448304,-33.6193394104743
-15.4029844152761,-32.8316538542119
-18.0708802332598,-38.1267712551183
-19.2560176311908,-33.9592821714436
-20.9942783793993,-36.5050399628744
-16.1173193737716,-26.2710758881886
-13.1303680451852,-29.3540625816803
-13.7910607031614,-29.4091588150269
-15.5345030433803,-30.0225192960343
-18.3036611492191,-30.4176689062813
-17.450576867703,-33.6842035578431
-18.5497154431543,-35.6665464411883
-20.5964411300548,-36.8884636422035
-20.6772476395622,-37.6930447626348
-22.8372628317137,-40.5967153355075
-16.701612003525,-25.916628318847
-20.9849530821821,-28.7279582598897
-16.9580732103853,-28.4218672808212
-18.5017920138373,-30.123459769625
-20.3455452029286,-33.1159063049369
-18.0365278312369,-29.455206492019
-19.0457739131915,-33.7143537019043
-19.2408231664232,-33.2269095141157
-21.5192158065008,-35.1458765342515
-20.8972653501957,-36.4932454560214
-15.7858798921735,-25.9851256787031
-17.260415846065,-24.3927572003067
-14.8629364816174,-25.9737404772021
-18.6248946055751,-27.2046536127291
-16.2615096465743,-29.2125632526634
-20.9182209494482,-31.7257619129731
-17.755556807294,-32.8574725610503
-15.9529376101116,-34.0218425938347
-21.2653467336581,-38.089795061731
-17.166799405252,-26.8597425580851
-20.1487614038926,-28.2561456949455
-17.9836360265063,-29.4680782815822
-17.7460908498799,-27.8226317151562
-24.4627307988472,-35.9741324311133
-21.9768928939856,-33.6671987656988
-21.1032010550663,-36.1693848654723
-21.0346012499875,-38.0529242511022
-23.6783766794908,-37.3700963820548
-24.5655415096507,-40.1591110089635
-19.5026445132833,-25.5763442996367
-22.2791380021266,-28.6952653294827
-19.9930251441156,-31.125708374944
-19.9961089292903,-32.2447251529849
-19.175269304968,-33.4992878661064
-19.7240012954542,-31.8363981401509
-20.6990329839689,-33.7144502318594
-21.6433565047069,-32.8949528004493
-21.7803805786643,-32.9808510747907
-19.6454186506231,-28.5943747120246
-19.8948999047346,-27.0318377533765
-21.2290126363685,-30.6026986843904
-18.2223318444698,-32.1079107743698
-21.7438030526801,-35.0308921150499
-18.050735606374,-33.5712195974753
-19.9298726273484,-34.170233936963
-19.1789135959241,-37.4919465927652
-22.1428863845888,-32.1176714143168
-24.5438711568652,-37.9994308673566
-14.8142537903734,-31.5426837703523
-17.598049044122,-35.2968187048292
-14.4480845630907,-27.5475137346009
-14.3134112943286,-27.1677927208936
-17.620365176739,-29.0159496723075
-16.847505545472,-29.8392923115088
-16.8287949931989,-31.3138020798093
-17.4104387061017,-29.8157251676764
-19.4617396657661,-29.5998219513746
-20.1862922233154,-34.245679565693
-17.3207855304819,-29.7223821330137
-19.1707633891498,-30.1580702087138
-15.0368319255931,-27.5976314735195
-19.6712709097082,-33.0988829350498
-18.3663212426115,-34.1543408777243
-15.7218365829883,-31.6054872533681
-16.9459001922449,-34.613757523281
-17.8718759711632,-30.5064716616673
-18.1069898119072,-33.1818362722125
-20.4244187745009,-32.7683038095704
-19.4676958715671,-30.6036597786726
-19.8032787063494,-31.1803601817773
-15.9722050984183,-29.1801282161553
-18.4394882925157,-35.5367902390483
-16.7437508704671,-35.3847966434915
-16.5444996788494,-34.6470924719321
-17.956969614052,-34.7793198452672
-18.2383567811998,-34.2039443616996
-24.0862718645707,-37.6114879562309
-18.4790562750526,-32.5307521875519
-18.6079508532173,-31.5485556895081
-16.6000307984969,-29.9851969624174
-16.6290178026498,-31.1417315065484
-16.9924559707858,-33.3842980118288
-17.7455459794702,-32.0185708186729
-18.4464860654511,-34.4680418152773
-18.4464240846381,-33.6229329840601
-18.4816191649106,-32.7643367698934
-20.4425907675024,-34.9064200795579
-21.6071050146346,-33.4271376737271
-23.7978911684128,-37.5887017606591
-16.2669061250573,-27.7758351282553
-23.3601795921429,-32.0875209110863
-24.5240769117057,-33.7499693828112
-23.0223456809214,-33.6265822172355
-13.0707686421425,-34.2402819387785
-13.3880350873499,-31.630298710417
-19.3577168972803,-28.7342858528296
-20.1127779808679,-32.2582807126965
-14.0779535124964,-33.8047975665852
-13.6739537013325,-34.5015269920539
-13.0603755612186,-29.1639548339849
-13.1584329055492,-34.3294391137308
-15.4063723936158,-32.6390091284361
-15.7112345744737,-33.6873021124814
-14.9331185424452,-35.6829598980549
-14.3513791093752,-35.0354926758119
-21.7060606172869,-38.6930500018836
-19.3416365118957,-33.2479232384523
-20.6952139640859,-34.8560895187567
-16.1662148197396,-32.0430737881474
-17.2693388480566,-31.1001304516927
-20.2186195296937,-39.1388230367898
-18.4329887190593,-33.0217415369643
-18.4772283340771,-34.3174731063631
-16.8548258489097,-35.4033238432054
-17.426611914041,-37.7307212372411
-16.8434127080848,-37.9866042824983
-16.8023801521169,-32.1679634991608
-17.7689445307215,-33.6678699871873
-15.8086584711104,-29.4538135180972
-20.0324833958322,-33.8163446747827
-20.7027347415047,-31.352232482518
-17.6953990387614,-23.3852485678088
-19.7902018966969,-27.16300698344
-20.0487544267581,-27.3548429323353
-21.1939974589454,-30.3871700384278
-18.9539633717247,-26.9992575433839
-21.6053964399346,-28.5012447303072
-19.5461270280846,-33.4513765020148
-17.0352598958479,-26.0342018635328
-19.4603439775293,-29.1835956000782
-20.8891846250117,-30.4887724600739
-21.8427438798128,-32.4034154993118
-21.3860412158915,-32.016463598355
-19.2342012741693,-29.0111397168521
-18.7770130230529,-27.5843922427967
-14.3762276202716,-30.0870287952662
-15.0060511785721,-33.5929994149906
-14.8345489058896,-30.3484652233181
-17.480804703795,-31.6477499101861
-19.6892210934584,-35.5858665919388
-18.7182658234323,-35.2204230082293
-18.8204405869015,-36.5438256179748
-17.7201439624189,-34.7904375521874
-18.5413224057636,-37.8267769472563
-23.3084052288433,-39.1639841082787
-18.7482038125469,-32.9358748569351
-15.0484193821405,-33.1751470364599
-13.380362307179,-28.5875108838117
-17.34559995509,-31.9801067274712
-18.8738186945286,-31.7985099313138
-15.888507969278,-30.9597830213262
-16.9268468092677,-33.4737681929485
-16.5526010495332,-31.992199885688
-15.4825816241005,-32.7446989082691
-15.1038556836429,-28.030819998133
-17.5225764519696,-27.9764180018731
-16.4955337270374,-32.604395028276
-16.3905463123822,-27.9372203388239
-18.8044198458215,-33.7587604711222
-16.1972882682491,-29.346718837592
-17.3444983541483,-29.8777462093295
-19.9551869033972,-28.8120351300411
-19.0847406702488,-30.5474957184104
-23.0551933942849,-35.4026991874396
-21.0010955560429,-25.0760707985949
-23.935206560674,-29.5167817607043
-15.0688676876678,-25.7426314880332
-18.9804030663803,-26.4392928732712
-20.2228241654599,-28.1454234757367
-20.1427172370994,-29.3948960293175
-20.0412992350098,-31.577163939751
-21.1168871343902,-31.3227856470327
-24.1968285800405,-34.5500396823273
-21.1791572608932,-33.1831766871648
-16.4370794411677,-30.1941998955853
-13.0221033816003,-32.205344714985
-12.4662436586622,-28.2458894719932
-13.7537026013704,-33.5130953058541
-13.1757822409045,-33.344446465834
-14.0535691027612,-31.8200411931775
-17.532364542074,-34.0385611911038
-16.0247945438242,-33.2116595394264
-21.5786477466461,-34.0598738184184
-16.9929736777862,-30.2238629764463
-20.4723913311897,-32.6494510925905
-17.998452305737,-31.1735641491137
-13.850946113905,-29.2983807813888
-16.8270664701226,-36.5245693136881
-16.6996856025859,-30.2222932991942
-19.1715890544472,-32.4227244419526
-20.7415051472382,-34.7722075458505
-22.1951909105672,-35.3830042157919
-23.5336152575246,-32.8540615477462
-19.0160563329257,-31.3991584036338
-21.1177436113488,-34.3892485156951
-16.1974359443096,-30.1347202429276
-17.5163927095425,-34.94574592991
-19.6075338988555,-33.2460665838711
-20.8933293361423,-34.0036646873935
-20.9056139209743,-36.5633016075341
-17.0306803703774,-31.8780762477374
-18.8134192965648,-36.0591024536779
-18.4163920864121,-30.888541570809
-21.0125961760887,-33.493291902735
-17.1664762367104,-30.8960683290165
-16.2665583831404,-26.4348196999788
-18.9638287493964,-30.6438102369669
-20.0726211103358,-32.5753102721294
-22.0283895599205,-33.9431500428523
-21.7687630039117,-31.267528883881
-21.25961967652,-28.8410033320891
-22.6109434427671,-31.2036227286678
-18.1869142928709,-27.5503185424745
-18.053551525191,-30.2391004072196
-21.0953385854022,-32.3581818311905
-20.5012749628613,-32.5832309775641
-21.1304857809497,-35.3989594280234
-20.4000065681572,-32.2230574297925
-20.8843737292057,-33.9441316220131
-20.6131174754621,-30.8418440520553
-21.4727759046374,-28.9605521164668
-21.9373715216851,-31.1537807782396
-19.2993798628713,-27.6162030878852
-23.3041037455746,-30.8758305190461
-17.8009506996612,-31.8459300999826
-20.6210969049298,-33.6726563803862
-22.8106499406034,-33.4940175665201
-20.9344524003221,-26.7142374174956
-23.1513683756994,-31.9612344336739
-22.022582464414,-28.563201625611
-25.9855634649269,-33.5765814667314
-21.0990969940918,-28.241910937858
-21.321425369509,-28.2137778015533
-16.0797033412265,-29.7124062411832
-18.2638368248719,-29.672538843694
-19.7728398858167,-34.2369266512831
-18.7384415757697,-27.370250680182
-12.6162452480872,-28.4563193534529
-14.3352473589916,-29.489505584723
-11.2490196595162,-27.8198554098969
-14.7412594962029,-29.8892102078
-16.1301686858207,-28.7825965767499
-16.4095194312875,-30.9174296967529
-14.5390012324273,-28.6743948026363
-15.494617302339,-25.3858901341636
-17.7002232839522,-30.0256203918477
-16.9298858631915,-27.5762227179504
-17.4271845170775,-28.6952139833888
-15.1997890890717,-31.3117298241466
-14.1852372901584,-31.2299258017533
-14.7050906924017,-34.7046741118434
-14.4772477058861,-28.1881720166776
-16.6611366259744,-32.63781359971
-15.214163505748,-28.3150640823809
-17.7646216239969,-32.7290694005407
-19.9851120009461,-36.469089172688
-20.442114170285,-32.4504801670051
-20.2318249886668,-34.1045841982991
-14.809834088774,-33.3510677720408
-14.3252495292597,-34.4818626390447
-19.5714919159191,-31.4414686706235
-14.7088218551402,-30.5968754029996
-15.1051931117994,-33.9975492719719
-14.2822206564494,-29.7901003666734
-18.667620426704,-34.9944390101127
-17.3735503705888,-31.2737409970783
-14.8297909774289,-31.3483792863374
-14.522573694989,-32.6815693357843
-14.7315539135594,-33.7968978244962
-17.9575920603747,-38.2849519510114
-15.8848346061812,-30.5536753415193
-19.5824051690926,-32.1436126317635
-13.9362320863795,-28.8398478549575
-12.2310845216944,-31.7569301410259
-12.7479986449254,-33.2955244168827
-13.1569430601622,-23.896427394853
-14.6976637375287,-28.8944298827891
-14.3776220385004,-26.4601946292518
-16.6007428585888,-28.9544872813745
-15.8121574713421,-30.5580419766722
-17.0557945345773,-30.4780366084268
-16.8480672584685,-34.0869124990211
-13.4775674304139,-25.6343178375709
-16.0513863087941,-28.0035609790879
-16.7724321533459,-30.9036705870695
-16.1078783185345,-32.6801128920605
-17.0086880077709,-34.1799835097212
-19.2734415018786,-32.099724675184
-22.1712315716522,-35.4462395752232
-18.6392736037866,-32.2802367463368
-17.5110835370151,-33.4479101849087
-17.4734833058832,-31.1662081207432
-12.7447040018364,-28.5470474575658
-14.7694519433361,-33.9262788348079
-15.3314932633892,-35.3257040668479
-21.0399214903701,-38.0168729591985
-19.0250295749797,-36.3305898821108
-18.0576057608951,-38.614870367723
-21.1656413819785,-39.8014357716093
-17.3604114248805,-34.329478788377
-18.574065378236,-36.513445889771
-16.015981132561,-29.7626989326681
-17.340885710373,-32.7959198464829
-18.2351952412101,-35.4869074126304
-12.7059320731572,-33.0370525971178
-14.3099444447792,-35.151610216378
-14.6069128254406,-34.2285369383818
-15.9314721608203,-37.1520185455157
-15.4910352190632,-34.4676884641212
-16.2167178667849,-32.2575521237737
-17.2440473361967,-34.4983009055602
-13.6921484433358,-27.4340400618569
-19.886139049823,-32.639880032899
-17.3202062641997,-32.0555724570973
-13.8093199187991,-29.7805461166468
-20.2664889629195,-32.8858960322907
-17.5910977807566,-28.5056400910415
-21.3920429872311,-32.9077241489605
-14.8164100420789,-27.7696873275279
-17.0755875400629,-31.5775054502357
-14.1667799248608,-27.1050048033544
-14.9152324749868,-27.40983104844
-17.7818865137276,-30.655080441702
-20.2267104501337,-31.9442176507335
-19.718815581273,-34.7341622659342
-15.6115677497869,-35.5444260969074
-15.0881189997338,-35.4814276686595
-22.7764596162478,-33.0712863260188
-13.7666301912247,-29.0561976451214
-13.0121932360476,-30.8634080366483
-12.9691373252591,-27.2060025106095
-15.9592792750939,-32.3379646035859
-18.3338121183439,-32.380799397568
-20.7085763737752,-34.1292730593854
-19.5332104044034,-35.6525908653022
-18.9169129324804,-35.1251333879244
-23.1770908601544,-35.9829451539581
-15.7764464258018,-31.0774741697362
-14.6745163352736,-34.0810677255375
-14.4058954959591,-34.1012318729855
-14.1553534711611,-29.3996321743646
-17.2879315093834,-34.1487694509537
-16.9350376138562,-32.3408443237027
-18.8736153022503,-32.3639900345316
-19.6449707654351,-31.885328279065
-14.77749073586,-31.2042890004457
-16.6626806314266,-33.5676130181991
-15.8121009927838,-32.0205169284644
-17.6924367337881,-32.0173080883028
-15.7655490223699,-29.7968958426064
-20.3942220281658,-32.4524766719693
-19.3800468807667,-30.9442455742172
-20.6121642965239,-29.1782500179776
-21.9110838894425,-32.4629108395895
-14.7418932497101,-27.3216147801466
-13.2034574742504,-32.0914356857982
-15.9789927498922,-28.247353277428
-20.5837110220476,-29.5505643667546
-17.0668892804253,-29.9900752486075
-13.632324061203,-25.4018864959719
-15.4649689230243,-28.8755029729348
-17.0372609215062,-30.8911091870055
-18.6944369522785,-32.4330692633355
-19.2609024161902,-33.1139916048517
-19.5092521348831,-33.4906673998832
-22.7259779106822,-37.8479916747988
-19.5268616537017,-29.9539159789268
-19.187966996883,-31.6774689056977
-15.3181974931266,-28.5196525804824
-16.3590563947297,-30.1268195712406
-16.4033392157553,-33.337899009838
-18.5216134694252,-30.8601329085042
-19.1685401212708,-31.0412986739923
-18.7806906661836,-33.3925866584804
-19.3990328675948,-34.6958511108444
-18.1301637567569,-32.7842711549675
-20.1673815567766,-29.7098952774593
-20.6372170625245,-33.3829281718736
-13.1738877210411,-26.6969063338331
-20.4081679981262,-36.1422178108173
-18.9732832390085,-30.0793302544296
-19.8076196696699,-33.217049149933
-23.1735842333509,-35.4491302783723
-16.5253614373802,-32.4146709280358
-20.7392479379327,-36.5904027674469
-19.8002097869996,-31.9592537244503
-20.9181018890349,-33.2355445065541
-14.2427129302495,-28.3901990896889
-16.4875325311137,-31.5813770307547
-18.2665702954222,-32.9795882380726
-19.378576454979,-32.8862124909
-20.6837694799267,-34.2052402660514
-17.6350404947891,-30.992084470195
-18.8981923404104,-35.4004922034675
-18.5270023503001,-32.6794450131014
-21.0267873573218,-32.6766386415326
-21.9725797879917,-38.0850891593499
-14.8523225832712,-26.5024719295086
-19.2307410785419,-32.4569496585571
-19.8034590979429,-31.5104774389924
-20.202059572664,-30.8824135790575
-20.0874575765063,-31.6051282194605
-20.1314192806168,-28.5182063957437
-23.3567450032385,-33.2829266787626
-19.9105678707368,-28.1098637684679
-19.7858812702515,-30.3856987748519
-17.989143215343,-30.5501285606394
-18.1308294083157,-28.5698108767723
-21.5137938318199,-33.0564154517144
-20.2774954364266,-27.9344178232973
-20.4683916088739,-32.906219062389
-20.1796833153563,-32.7529824384149
-22.2748375278163,-31.6163711166523
-20.6094379938381,-32.224612548919
-19.9037115559672,-27.3219584426209
-23.0382482422678,-30.3488574705224
-16.2442202037204,-28.3405348399005
-20.8791348880612,-34.5899084228788
-20.4226609006031,-31.4239977232705
-20.5094711192853,-28.9830070743166
-22.9486686688525,-34.5308877120106
-17.1331238537353,-30.0436517383304
-20.2001270105717,-31.3723325332271
-19.5345540139489,-27.8741883463611
-21.1610489028638,-29.6733266339571
-16.5947640573654,-30.1221633559368
-18.2064975573098,-30.0419482993131
-21.0575668004031,-36.5066688786928
-19.0873749630444,-27.0455842276682
-17.2139895327242,-29.7983848667923
-11.3215550605862,-27.0940847902833
-12.4250820518563,-27.9116884256524
-13.1167691154427,-27.7872219967929
-13.907577727795,-28.0861592618011
-15.7488880094124,-32.8199565122474
-11.7911791258744,-25.3345453502529
-13.7836721165802,-27.6719379835788
-15.5051793256659,-26.0824909479023
-16.026621742463,-27.8992403973069
-16.6147322996471,-30.6336564520262
-14.9984466724431,-26.8333566133514
-17.5220589002532,-29.3214089895892
-14.1971438492003,-28.9979290706919
-14.2844927499456,-27.4015757267104
-15.1739963813787,-30.5216668079723
-12.615261489787,-26.1753028945542
-15.3823374256239,-30.2072778502782
-15.8154750916382,-28.9059300842735
-18.1641980879569,-27.6901042182261
-17.8400654033845,-25.3630951785828
-14.5296118802714,-31.0004079322152
-17.9133631705295,-29.9164148903509
-15.9461821663561,-27.9901084942009
-17.7775335168043,-29.6107796675137
-14.6909496337966,-27.2766854186615
-16.1556336090947,-25.7639320209288
-16.844423553827,-27.4174673580541
-16.0648950832991,-28.4553186257001
-16.7881547384722,-28.4025976344955
-13.5524741885423,-26.5088171345155
-17.225776441698,-29.3087105035171
-13.3244010863933,-27.0632390409923
-14.7876302705014,-27.4336722197002
-16.0625146789693,-27.2941693236526
-13.8307301836525,-25.5258824676873
-16.2479754393041,-30.0197920962937
-15.5096645627287,-26.0185701483961
-15.3263963462328,-24.5831644366795
-15.8764451325687,-26.807321941751
-17.682772023659,-27.15325956871
-19.2479910699189,-30.122676685541
-18.8496047942373,-30.032341205326
-16.054651216959,-31.2800317149865
-12.9849127797724,-28.8558711819052
-14.3736476463449,-27.6308437202729
-15.363484467422,-29.8869951951255
-14.7736695602079,-28.0369712805081
-16.8413823077876,-26.1566980508046
-16.072753610968,-28.613457926884
-16.1161095550584,-30.326896533092
-17.0072464572882,-29.8475735097646
-15.264831275899,-27.7422510741103
-16.3917784626087,-29.6342528205777
-13.6732763149537,-27.05280833551
-16.6142966407471,-29.6038217860539
-17.5399069015234,-26.5373713099617
-19.0150467130624,-29.0972169677466
-19.8896246244905,-29.0195490136695
-17.2483640666421,-31.1163935522694
-18.5692863402307,-32.2699368124284
-16.8262313971063,-27.2687894740081
-16.0737938609052,-30.9253407677465
-14.8390875639287,-29.4458117405111
-12.6278876918996,-25.8925651112333
-15.1107058241543,-28.9806766486918
-17.8230881478667,-28.549236654259
-20.128643398229,-30.4645849734918
-18.1322032679635,-31.8649792706798
-19.59371471656,-31.2540822174552
-19.8089906046177,-31.3974565953111
-14.762534981489,-27.1854889842258
-16.4561967678915,-30.1240873077502
-14.0511165061321,-27.9232189885254
-16.4224290674229,-31.1363173182155
-18.8440257637898,-30.4604916135178
-20.1999643329062,-27.6362716115881
-23.8608211034342,-29.9961484968805
-17.3650164322434,-31.0623029953333
-19.0966227326783,-34.4847275883936
-13.5011825785621,-33.738162716821
-13.2382445052211,-35.406606760986
-15.9272173450784,-32.2004248140641
-14.3395463295256,-26.5556963367475
-16.2785053827943,-30.4385363334845
-15.9664157824765,-31.580177279338
-18.1815002865979,-31.9288002380094
-16.0962345558242,-30.604695843392
-14.8507899686391,-31.8731783365488
-14.8687357641353,-32.4500716378436
-15.302222203068,-27.3149690578039
-18.283733676994,-28.0803083733113
-13.7126716976362,-27.3078262457616
-13.6350742886222,-28.7995036469957
-14.6060255095804,-29.9783605792398
-14.8267531134455,-27.5811600122788
-17.50063890664,-30.7354726105314
-18.8837821986988,-31.5395870164682
-22.9986281631603,-38.0413622874512
-17.5293836736753,-26.9930625556922
-14.3162625471694,-28.7385955264512
-16.2901862618175,-26.1296083834256
-14.3855989770188,-25.5893725284394
-16.8775239720631,-30.7493814083071
-17.1294360388,-29.2773312695251
-16.1050405609092,-30.2581879149043
-18.2492969686066,-32.6934890255876
-18.6531794638028,-33.0429520059484
-22.1847037473828,-33.169268765153
-14.1088608388245,-24.4303508246518
-15.2075195524239,-27.1454915073212
-13.0613022980634,-26.8936770374636
-16.2505233367447,-28.1515810476066
-19.3867571413455,-28.4001361117077
-17.4333367022765,-29.3891040321676
-17.4853670657274,-29.0320726133039
-18.5089019158186,-31.0877178621422
-21.9990645330814,-34.8984303003605
-16.0013225871332,-34.2000902834185
-12.0069417107871,-33.7691230305871
-16.1273550087872,-33.1553373362946
-12.559706907188,-24.7266794268583
-14.8049417682708,-29.3246181283586
-16.7527656019935,-31.9599878160477
-16.7750633134073,-32.6982148292119
-19.1754325415186,-31.677261887868
-15.249587321036,-28.8164612884385
-15.7265139123341,-30.3341428499904
-15.4052250393783,-28.0886803768526
-16.5274914640874,-29.8104898196586
-16.0597876074003,-28.1117331830746
-17.6256069460621,-29.55958827137
-19.7038209697564,-34.4875471944975
-15.0566546761461,-25.8370926574302
-14.894455957102,-23.4584093405646
-14.4356717248557,-30.0759514353637
-14.8101646304255,-36.2853039434346
-17.0426291716608,-29.5630882379425
-14.3330510498045,-27.1825252371161
-16.8763720140443,-29.3492311480029
-14.8207830724255,-26.7598392722214
-19.552506077784,-32.5025577842129
-16.9646290825908,-29.4621378265308
-18.9881305067141,-30.6317158279936
-17.6429838399632,-36.2303499309183
-18.4580100726789,-34.4412059260809
-20.5797255119237,-36.8507079398619
-15.6841400251107,-23.7847417399656
-17.3558721220589,-25.359094606152
-14.7993777968185,-25.9571527250604
-17.2335608725299,-30.9503295343893
-17.9769359620132,-29.8359314797827
-22.4707886836117,-27.8955618006515
-24.5982581812022,-34.7997586908098
-19.4868867112232,-33.427829435452
-22.0706703408603,-37.7259526983537
-19.1616553341397,-33.4223091077416
-15.4738563794596,-20.3407651132248
-15.9063167183582,-26.6372452298436
-12.9482819799393,-24.8983169965108
-15.1267731865527,-26.3041341998939
-14.9014815764278,-27.6454693859351
-15.6207539563875,-29.5168687133141
-15.5604298891064,-30.7660407407107
-17.6408001087306,-21.8974654233317
-20.4351314158996,-24.1184876865784
-16.3129897605385,-23.6206106950824
-16.6381820667916,-22.9689434666349
-15.2809393981878,-23.3608214790605
-14.4844969659901,-22.2404691849137
-16.9514790945175,-23.0739253270532
-15.2329292444649,-23.6856563187977
-16.0662996643175,-26.1790691129134
-17.4481242382946,-28.3900090951713
-18.7867986198979,-29.0571019629613
-18.4867678728006,-30.8955777527156
-13.5273150756079,-23.7865879265398
-17.0464311019043,-25.4849969718591
-14.4325542703791,-25.8127127406164
-17.0666619584229,-27.8733901786418
-17.794654938318,-31.0535088268363
-15.794150072134,-29.080019066354
-16.4959181096259,-29.5138084299209
-18.7997622648932,-29.5904969453672
-20.6579910903545,-30.7886365609387
-18.7594781646143,-29.8491959482697
-18.2466098514285,-30.8001930566971
-15.5332661375119,-32.8967074465968
-15.4878947238451,-29.6513846156934
-17.207648977468,-35.949539381873
-15.6882503868219,-32.1846831748876
-14.8093035827317,-31.8869525692966
-16.4809507074557,-31.3220577090722
-18.5882327045931,-32.0285664510046
-19.6672081725059,-35.6223078459312
-17.2496571373058,-30.8888715163997
-19.6530624261178,-38.4745850515403
-14.2195096611824,-25.9621033249513
-17.035758242881,-29.9217627028147
-17.8801033466703,-30.0056271870596
-18.8713447695213,-28.0942741031599
-18.4101383023003,-26.1426276806001
-18.2786422198652,-29.660183310083
-23.8752659883931,-33.0328132767303
-16.1895055048467,-28.9841850437213
-14.66176301123,-28.9684437422374
-15.5071904136418,-31.0570159896856
-14.8916442716199,-28.1637181466837
-18.5212578322637,-34.8833940004475
-18.2724833270632,-32.0565668494269
-19.2637615673211,-32.9605707389364
-20.6148242870601,-35.7773363239264
-22.2436697973481,-37.0014887481349
-23.0094143989266,-34.1083100398556
-14.8960482317948,-27.1939173830012
-19.2126603256719,-29.3242398312178
-16.8999493564911,-28.3957709353645
-19.7885948447679,-32.1978647563044
-21.2751193308445,-32.4166614371936
-17.1713533784761,-30.1459045401389
-13.0276306784839,-31.5719352068816
-14.7209939335746,-33.0469713922005
-20.5228603519989,-35.3299299034151
-19.1910446484263,-30.1460028907473
-18.6458152511409,-30.4753387640587
-13.2283326942078,-28.6410171059172
-13.9393948081978,-27.6477877690792
-15.8658706184107,-32.7557979003854
-15.1771714060237,-30.9655981486224
-19.0319268579478,-32.7883984342121
-18.6999479589924,-35.2489332870025
-17.0406256442766,-35.695687102654
-17.0362994205339,-35.7880055934458
-17.5923964894881,-30.1173103155381
-20.6059863473398,-33.4708993785136
-17.7790633147506,-29.7777110586067
-23.974271774758,-32.4496485545307
-26.8429628311041,-33.957887492142
-27.2970684183253,-34.2985732336081
-28.0896467625299,-40.428070045919
-22.1650224727998,-34.9052650310085
-23.7870696174831,-35.0444706551785
-19.9844651793797,-29.1085065569239
-19.4291032768444,-27.2258724307419
-16.4652424643817,-25.3730314050548
-12.5033373132693,-28.3485539450487
-14.3581753575676,-35.0960100218881
-17.5716225573357,-28.7113294326603
-18.5690206288058,-30.5183659765559
-16.4738152960698,-34.8415763070337
-16.3714494388788,-36.3027195262663
-17.8493994856497,-37.0848126165997
-15.7386883049723,-29.0778581497885
-19.7411843262575,-29.7564839776676
-17.4500631097052,-27.7974928594251
-17.5929926938416,-31.2530760554321
-17.9792315466641,-28.4893272877023
-18.2076710391742,-28.0028553425462
-15.9700317297229,-36.0158990591806
-18.3114650936893,-32.9816516308505
-20.4790544073066,-33.1019319877529
-16.9528665199821,-26.962115164884
-18.9137760459228,-30.9505482122264
-19.0439515149263,-32.7957383815665
-20.0981985847667,-28.5078642690996
-25.6272076832864,-32.1027434442518
-21.4127626182918,-32.0992368824438
-21.6432849721483,-34.6654344667224
-19.5756877575394,-34.0813886484466
-19.6616667231463,-32.8859379543448
-23.8847742548377,-35.6963730870113
-19.1133754517436,-25.4386628022127
-16.7315332535054,-25.174641423513
-14.6566532045309,-28.1879382598979
-16.809527979318,-33.6312527438992
-14.8834496561601,-34.5237033868437
-18.6426678512516,-31.1411264424473
-18.3396021690283,-34.5870321860287
-17.0711959978023,-35.0604221199709
-21.3951941353838,-36.8998613416767
-19.2352202386802,-29.873345117462
-20.4712602121363,-32.4929097790943
-18.9411553673205,-31.2012656784597
-17.4360679857446,-29.5983404922478
-20.5335707373657,-32.5561902229353
-20.5593699558932,-30.5144686070715
-20.8877234216206,-30.5807061324438
-19.8113989577801,-31.9918597825716
-21.3972734615045,-32.6040031132493
-21.2045896617701,-33.3825603422858
-18.7942973292526,-28.1803791712184
-22.8485922460538,-33.4060041150993
-18.4777867793983,-30.449350180808
-22.2107666259568,-34.8504182189479
-21.2354935309664,-32.2976402852679
-21.2785502462694,-31.3948823420737
-21.4675791538666,-34.0300519880745
-21.2395633887318,-31.8409428756488
-22.0049118802526,-33.9415641254702
-18.2392129147204,-29.55806619443
-20.7820589440682,-31.6959099056593
-18.5833311069604,-31.3110842440537
-19.5588082708116,-33.0250014394742
-20.9690693363431,-35.8795328572586
-18.2096020763331,-31.3711692384592
-19.8250996057919,-35.1509707843012
-21.3400787146576,-34.0795271428284
-26.0448552093831,-32.6222690355605
-20.3021076645172,-33.5582125445415
-20.6376956977432,-31.5046797969143
-25.2472286929446,-38.0486837943132
-13.5681427054182,-22.9140003329472
-18.7283441390297,-27.1119679142105
-19.0257625799413,-27.8006585823763
-19.4662758839052,-27.5490059278067
-20.8148776741605,-30.693078010891
-18.9328540421738,-27.2740804370795
-20.7854149384223,-29.2762710121346
-17.35072799347,-26.2220736381063
-19.3833637800876,-26.5967540331864
-17.5897599129229,-27.7216348511485
-15.4727983375029,-25.8687935401512
-17.8860505263223,-29.414840086061
-18.6059693025995,-32.0054367038221
-20.7896843783908,-34.0793622980143
-17.9901109100181,-30.6797211786508
-18.7906221070691,-30.5455813963839
-18.5329487564853,-31.272834525462
-16.7183490892515,-25.0017934380798
-20.6320497454231,-28.8008671537919
-15.2908739858741,-26.475491593918
-20.8689808763862,-32.7619244657026
-20.4021967338549,-30.5181271752887
-18.5003305875433,-28.6281601527324
-20.5163195515806,-32.0189174733091
-21.5561119529306,-31.4773120331079
-26.347150539802,-33.9348729441228
-16.8615078915123,-27.4747693904996
-18.3560901539038,-29.0785975313302
-16.1856841347442,-27.6499616920847
-15.7650172070261,-25.4570331728421
-19.394714185513,-31.1173911313821
-17.7781899475701,-25.7552456628642
-20.3433933171835,-29.4717181161867
-19.2675092589687,-28.0320125392607
-19.3884267629374,-27.0194289471597
-16.9069589509025,-29.3927854524532
-17.8457265093139,-29.051537797284
-21.6292317194307,-37.346475576978
-13.5024729351841,-24.7268451869873
-16.6842809576497,-28.8347135159173
-18.4281696540323,-32.1974105118845
-18.2642818304318,-29.4729760594026
-19.271350547743,-32.5374890757369
-19.7895139577472,-27.526738389227
-23.2476839230224,-30.8418654806837
-16.9870560641489,-27.3972552974789
-20.9352751577542,-29.7335595847659
-17.8170326931277,-29.9274001352928
-17.4311339207399,-27.4995278974213
-19.6653766487573,-30.1180845899805
-21.1138250642384,-30.9499718625647
-25.0920084483796,-34.7940996462739
-22.4556407056448,-30.70194624394
-23.8976367114906,-34.4900654634869
-17.1025205826014,-28.6967587860185
-19.8109563928606,-27.7425618282657
-21.6879093128328,-30.7317607159273
-14.5954747337741,-25.9487652987977
-21.380112617472,-34.2655352477221
-19.4651073511948,-32.57143207628
-19.156397141528,-29.9660761621672
-20.9262320679742,-33.8395399454241
-22.6109953653642,-34.4062969852722
-29.7718128752229,-38.7168312450223
-17.1319043279971,-29.4131910245728
-19.7730803528732,-29.1658072615808
-17.594566626021,-28.0352337590092
-19.6637038948542,-30.0938236592315
-21.0278059785913,-33.5986202532733
-19.7051244649773,-28.4307021292594
-20.9152958691995,-32.530328342099
-19.380078334418,-31.2846739431154
-22.1664546904105,-35.121981906357
-17.731843664434,-28.6649039619194
-23.0985796789112,-29.7497481118115
-20.3621196570574,-34.7858118601536
-13.2901349558525,-23.0760808035611
-18.5846305255357,-27.7469428198837
-20.3001634855307,-29.7989785644495
-18.9075318670371,-27.5012105877815
-20.0131697093168,-30.6399429294425
-18.5312481373912,-28.6764570619597
-20.8109559291996,-30.8625057521645
-20.9752006313901,-28.8773928238136
-17.5431107202728,-27.4444752990135
-14.4820642615258,-26.4758029836381
-18.6028034106177,-29.5945041204108
-17.9567102942455,-31.4550617743116
-16.7960798353613,-28.3883998754544
-18.7382411193792,-29.7659379305771
-20.7901821674892,-30.8645517608067
-20.5492996158735,-31.5240803102516
-15.1476420544852,-27.0015200282278
-17.5351486592831,-25.7464772594874
-17.3857369617083,-28.6943927547207
-14.6107739002498,-26.107587531928
-21.4383664366725,-34.1594974196075
-16.7748213212471,-30.0569460997722
-16.2214707908276,-30.0492338855363
-19.596853921077,-31.9441616040658
-16.9460539598147,-28.0141089003786
-20.2818805230341,-30.2582343057609
-21.3194341455412,-29.6895560433574
-22.298736497956,-30.3458889757557
-14.8189495437496,-25.7332290144413
-19.1336331349935,-28.3820313908691
-20.4791890687156,-31.2192003962906
-22.3879705718526,-30.099107912054
-23.065574842372,-34.1276851406419
-20.4519874122293,-30.8787383354218
-18.9649162423191,-35.4354562992628
-16.6105710514893,-25.8040204851718
-15.8116442687761,-24.9144750068019
-14.1590071545187,-25.5875425073029
-17.3626090371782,-26.9381748961664
-19.8054783883665,-32.4748790130929
-16.3612163967966,-27.3561673203692
-17.8538835847547,-28.3738170409053
-18.4321088920968,-27.4784278512642
-18.208130581437,-28.247911775296
-22.2228167338136,-30.6727319655767
-17.239841462809,-26.2583723249416
-20.0216839814137,-30.0966768522626
-13.6975328607337,-24.9225069485016
-16.8374095951765,-28.0927543122857
-19.3803630985472,-31.0877648114549
-21.544848501567,-31.278426800466
-19.2318378493627,-29.9052802645112
-18.0318080660196,-27.0420513540208
-19.4230719777439,-29.4614987840211
-15.1890014852411,-24.8577539828242
-19.9581136724833,-28.0639712287285
-15.5666181206278,-26.9978824102871
-19.5914652139401,-31.7474595213407
-20.4048633527604,-32.479343092391
-17.0785786003193,-26.3255657580037
-20.1793529353594,-30.2197645810798
-20.6812076621966,-30.5101082580426
-23.1637125548633,-34.0525339433515
-16.4589839312206,-28.3471538027443
-17.9170447814854,-28.2711155424437
-19.2255477828395,-30.8765114397401
-14.4608152435593,-25.6951877501015
-19.5821887844968,-31.5842013406647
-22.9889045695025,-28.9398608185034
-20.4810865352309,-29.2137234411854
-15.7108540782912,-30.003167560818
-15.6279283058239,-28.2479416151343
-16.5418230160106,-31.8393116212347
-16.0090946391307,-28.9344650170258
-22.0402831631165,-37.720175234852
-14.2922778713996,-26.7754493018924
-20.4186448925217,-33.8994674377768
-24.2613544687361,-36.341970914214
-20.7835684502618,-34.7578693543646
-19.1478457344708,-33.5252492354183
-18.7263904073151,-30.0715566447283
-19.9895571881963,-33.6152984400259
-16.654382781227,-28.1561433181713
-20.6868876393996,-32.5642260324691
-15.5515779367449,-28.9808206056106
-16.3018318510428,-28.1027658230472
-19.1701361249045,-32.386849164704
-17.8926663494864,-28.4520481373512
-20.4417292748122,-31.2540554083712
-21.1704907833898,-31.2518727961078
-25.401219195504,-33.7230683278228
-17.8171840475257,-30.9238745355847
-18.3116396481949,-28.7034795920788
-20.0619890975798,-33.9710637887832
-14.5537929664103,-26.0234446144856
-20.777399770917,-30.7622232624571
-17.7188604100166,-29.0569954766849
-17.227473328119,-33.6825920709795
-19.9298085787074,-31.5725411205383
-22.5676586933804,-31.779642363999
-23.5755607374525,-34.3187642537083
-15.725401958354,-27.5574587800934
-19.3847018423638,-30.0394559831476
-14.9659686447307,-26.8656824066399
-19.8928825245347,-29.4989716807814
-17.4027607430933,-29.6507892415917
-15.4504224282943,-26.2841581600803
-17.020505416919,-27.6343158604283
-17.2802351551831,-28.5199620569002
-17.4456038630677,-31.8542138042471
-15.6520726055917,-27.8646516913847
-18.2523192095492,-29.007217324748
-18.1843377026863,-30.9874050754638
-14.6906516863617,-25.3221104046999
-16.2176273637782,-29.114878226117
-16.8801797972766,-30.1110916757198
-18.581980122526,-34.1192813336696
-18.001504354411,-32.4577040173249
-18.1030853673226,-34.3377641039702
-18.4505608469979,-34.4360059938414
-18.4104989325329,-28.3112215617015
-20.9540252575233,-31.2095549597404
-14.6742684161656,-26.0637177317785
-19.0565662676459,-29.9729434101773
-18.2943416336948,-29.2353575941583
-19.9196714935059,-28.9469047923061
-21.464621896961,-34.6792274955154
-14.602726230376,-24.9809018940047
-16.9596731159524,-28.1168472791716
-16.1080616020175,-25.0073028721727
-20.2039595057618,-25.6671769808417
-15.4727486154331,-25.3319126885324
-17.1874735455287,-26.0819328397798
-17.772503726299,-28.1486868360194
-14.8817029336473,-26.2267967875526
-16.1853772125282,-28.5731757965057
-16.9925328257841,-26.8434926791559
-20.233113539116,-28.9502054886824
-16.066329641127,-27.8908055360658
-17.4144267462171,-28.2691474572663
-18.0259591724125,-30.6733369991739
-15.0451488300458,-26.3414445892857
-19.5457263250277,-31.0419182503679
-17.1915591716116,-29.5018092652297
-18.3132993523543,-29.9193870359901
-17.5260854407024,-31.3406525522336
-16.8433087772766,-31.0879733694689
-18.8314787279305,-34.3264873813584
-17.3572260764309,-28.5959939081671
-21.8850613098094,-35.5242891720408
-15.0470047935638,-25.5381869700543
-18.479801091499,-30.8046942298227
-16.689942072701,-31.8937499889312
-19.3420605823602,-31.849358683787
-21.9360819135626,-32.9955130078034
-16.7703895591738,-31.2324596194598
-17.8633792861656,-33.9954786591696
-14.4436113420623,-27.3436900237076
-17.0504034138872,-29.0412287784354
-15.8858497148692,-28.1284169708839
-15.5131583387011,-27.5758672675528
-18.635732080744,-31.2708569379165
-19.335469690223,-32.0107616078698
-21.2616723610235,-34.5140782659106
-18.197101960495,-29.1202041053053
-17.7541182065089,-28.536633624051
-18.815075868746,-29.1437558030196
-17.2981875240359,-28.0765822883477
-20.9623977787001,-30.9065511713857
-15.4094520822915,-26.7614386647615
-22.984692736606,-32.279465697753
-20.1741732487636,-32.0291209103721
-15.7601995569948,-31.4763228396599
-17.3258178979242,-33.6808598450196
-18.6672132076699,-33.568233634696
-20.0158815358213,-36.140913641927
-14.0874922091628,-27.7097094341205
-16.5792740589588,-33.1233350161256
-13.7843630241635,-27.1616433927621
-16.1713865194477,-28.3531796253097
-17.6103760323504,-35.000477112026
-18.4100400178084,-31.7319742007358
-21.2154886871708,-35.1675351311966
-15.9143160334017,-31.2214463577253
-18.7094561439325,-34.0214752439753
-17.6738538630813,-31.7160920587684
-16.798436790033,-33.8468545405313
-16.9111360332816,-32.5313036469827
-13.3214481556968,-25.3980924328763
-16.4046386211229,-29.5811136849801
-17.1033354552269,-28.3398030150186
-17.6148008161308,-30.4031000157882
-16.7937616615911,-27.7617608483239
-17.9483231905768,-29.3062075067349
-18.0173251190262,-30.5663902819659
-15.4483438356088,-24.9017494514512
-19.2862116371086,-27.3406468381824
-13.4678006153305,-25.3669535994234
-18.3070421761654,-33.0201101985616
-18.462331121132,-32.469346944031
-17.2442555114603,-30.9759188512292
-18.9866289111154,-33.548787029601
-15.0782679877582,-25.0157515835317
-17.4947065832698,-27.8148278131922
-16.2514728939588,-26.3425749861448
-17.4675657138937,-27.827842793492
-16.0100625726555,-27.3525288870984
-15.4751694030908,-26.6550346916651
-18.0759512700306,-30.7107654251375
-16.6191852973773,-31.1416321646195
-16.5047028785942,-33.6505100313651
-17.5703227877273,-32.44384336172
-23.6453962572119,-35.2406045374438
-16.054190451397,-29.3518101534149
-19.7243606628174,-29.515005433171
-22.3676918119916,-35.3503679217937
-13.8368138262523,-25.6357011446113
-18.5480945986106,-30.0970599915154
-18.044785965014,-27.8057930619467
-18.197942306482,-26.4610283000073
-19.5595673828343,-29.5460607492734
-16.7776612117724,-26.9157044766911
-17.4372855351811,-30.2257933306224
-16.5102707797501,-29.1863894128465
-18.9335193927082,-29.459131415502
-13.9529980404109,-25.844481374377
-17.6656501801035,-28.4655793269627
-18.6645106337258,-29.5046019593527
-18.7702309307986,-26.9490874741142
-19.6557516346127,-28.9795960787152
-17.7839846820463,-26.7507763049669
-18.8780932019226,-26.9438648558892
-16.0118889757401,-25.2350961658946
-18.4774123352855,-24.8150413442252
-16.304485075478,-25.4382175174897
-13.0668175057879,-22.9052093371522
-17.5953983519979,-26.0985263609248
-17.8758541394579,-26.9611867639238
-19.5062681177947,-28.2416936782982
-19.850847323451,-29.4388247370646
-20.8291022217712,-30.4641233318529
-23.7215519524987,-31.9920110511701
-13.7320576773141,-27.6055228588525
-17.5872938862761,-28.4034319372744
-14.4021782247228,-26.7243402511802
-18.11029808245,-30.7184639149426
-18.5523989856746,-32.9989739721684
-18.8955194330615,-34.3543591537995
-19.3812913834876,-34.2689807929686
-20.6188805711312,-32.6574382667846
-20.8185220524892,-33.5306411847284
-13.1205899755321,-27.2161178182321
-15.5305313754304,-31.490328586394
-15.4803253532857,-27.8155129955449
-16.6974333978829,-27.6969464676961
-20.4898567508421,-32.3692079506236
-20.928494709219,-30.6801790426496
-23.548923075055,-30.8006068816518
-16.4282195295493,-29.4700792567044
-18.1650504623053,-32.970145310854
-18.5798299193346,-31.7959723970032
-19.1454381226442,-27.8031067660991
-22.2320382238689,-32.4256517710549
-13.4588619566814,-24.5453002675527
-19.0526923320667,-30.3118017171039
-18.9947157241346,-30.1051911856035
-20.4077305266659,-31.2259693073144
-19.7036306422745,-31.2177671483961
-18.8400035475752,-31.7597255549726
-24.8835942946554,-37.5213613917502
-15.7514624096615,-26.9587670356741
-18.1165074918735,-31.0040861724524
-13.9593786693301,-26.7304067786622
-18.9643937633178,-30.9157991824254
-21.3780958799951,-34.2680209365664
-19.6271698708448,-34.3664337051239
-24.2900638470273,-38.2740856572502
-14.6013965565004,-30.1675873827337
-15.9389585313213,-29.8030255057853
-15.8223327013508,-28.2740140688029
-17.7845905748196,-29.5969356138348
-16.9099453703803,-29.6602579678821
-16.566913206671,-27.5116294075388
-20.5802211825594,-31.9050408756529
-17.5027738872783,-26.7928398607722
-18.3641416980941,-30.4621960633835
-19.4019249826119,-29.347619861228
-23.1147898808174,-31.1404395553329
-18.6062994830408,-30.7876995111892
-15.2628073710331,-27.8488777762344
-19.5476518067397,-32.690435403419
-15.0897904239061,-28.1965731156526
-17.9560932319079,-32.3727105443017
-17.3546631420774,-27.8870825715164
-18.7354130028019,-28.6305488908186
-19.9010300657709,-30.4965958182001
-19.8132953244218,-29.7273186719115
-16.6845767233163,-30.9714141946314
-16.6321844609877,-28.1038244666077
-22.3074569922166,-33.6761591992171
-14.0535495255965,-26.0001107932958
-18.335581484173,-28.2500954150023
-16.6150941137799,-29.918642204594
-16.9447939187695,-28.9115057866361
-16.740246655876,-30.3912549056589
-16.5520899897254,-30.2884035132859
-18.6734164744427,-32.0230160399105
-21.2128639792828,-35.6862477574812
-22.676887442553,-34.8364366999585
-22.3600185389213,-35.2144854446975
-21.0519717824172,-33.5583892583898
-21.5505630735436,-34.8391858060706
-19.6402574092356,-35.1558807891421
-19.5570849506342,-34.7854861646353
-18.3626919427675,-33.9319381775422
-20.9583841538204,-36.1284578205458
-22.0072642431822,-35.3286067213397
-17.1215463034733,-34.6989757475606
-16.7917036399217,-36.5448692042743
-17.6510315197328,-38.0413082452725
-18.6977963597455,-38.4707339433703
-18.8748719886298,-40.6379995140437
-19.1921598259114,-41.9508271504263
-20.7629328438503,-43.4077507478252
-21.4114652420204,-40.2629383190667
-21.3070438980971,-40.0876493480984
-21.9815657829543,-39.7409820299072
-23.0113966584701,-39.5134259183699
-23.7652632259073,-40.5257606749894
-23.4301592631169,-39.8785047583475
-24.0530682837512,-40.4985994338016
-26.9755105677648,-40.9432681726903
-27.5876403571671,-40.2769362972757
-26.8477198454483,-38.6395774539843
-33.2901014348838,-45.0415583565541
-18.8293728173347,-40.019162509157
-16.364273858601,-36.9335925069696
-16.5319740104583,-37.5663344240628
-17.6420131246888,-37.054007450003
-18.8408631920847,-38.031313222207
-19.5518884842555,-37.2857315780688
-21.1013743340212,-36.5009600021411
-21.7666214558317,-38.7833788355637
-21.0860329680543,-38.1307555186655
-21.7533539721009,-40.1520248186471
-22.0510642123704,-40.6754215559246
-20.8296235115914,-40.0059367098323
-21.2323764973929,-38.7561130749297
-21.2711668226937,-36.7147351990566
-21.1475147668063,-41.516027623022
-21.8055171021805,-40.3579592633871
-23.9513165671883,-43.2072976246149
-20.2354648904721,-36.6892416608764
-20.7751006237058,-37.4558537047433
-23.9458525752152,-40.2402920057617
-17.9456454088948,-36.3851994597199
-19.3557101208241,-37.2782147049654
-19.9227740974149,-38.4566404831087
-21.4592989685733,-39.0975817966918
-21.3576864124371,-38.6812469261732
-20.8922178466918,-38.666325003709
-21.5177403465987,-39.0903121370223
-22.1760653404849,-39.1026445345227
-22.907900829398,-39.9256789679947
-22.9571822634968,-40.6678824237801
-23.3540294561956,-41.4185620945225
-23.5713528968287,-41.8721224435983
-20.078336223732,-36.9500500496822
-21.147322167838,-36.6290926075347
-21.4016718650068,-35.4164246533766
-21.928595884011,-35.4023147350467
-18.9947122940706,-34.3064712903963
-20.7341129363474,-36.8009447354555
-22.9734032647555,-39.657395700792
-24.1696124328449,-39.2716881913127
-25.0669109551699,-39.1307979694891
-19.1291540325098,-30.377373011047
-17.9413804267212,-30.5738392959603
-19.8761183048009,-32.1330464194479
-21.0315381389298,-32.4357250036354
-22.0258341869992,-32.0954516157377
-14.5809077325329,-30.6716016683384
-16.5569672147048,-32.0331271941811
-18.7139409060141,-32.2409773739834
-18.2597574614132,-30.5069813678806
-21.1004361588831,-33.0827965998297
-15.3529099273728,-33.3496505051915
-17.0789924581516,-34.3199050880442
-20.0612913327699,-35.0343674683443
-18.9860194749532,-33.9825715155084
-20.8594111678062,-34.3355890738325
-20.1809371800786,-35.1607966794318
-26.467791502317,-38.3511973330741
-20.7498805531749,-36.4898395823091
-22.1327216758812,-37.4462270572396
-25.0562264074047,-39.0611091096339
-17.1649993140694,-38.0014441989914
-18.8433338898831,-38.7361952158175
-24.0386058830518,-38.2656174262675
-22.5296848602126,-39.4738200919538
-21.6469301217116,-41.2100254484436
-29.949202101019,-44.0136629337795
-33.9132136183949,-46.7864537256016
-20.831578142818,-37.4752904937268
-18.600473700107,-38.5309100916401
-21.1790441915067,-39.7293225854794
-19.354208221248,-32.0985323262799
-18.7592670801508,-32.1204666054046
-17.9235639797614,-30.856105970395
-20.236121837415,-34.4059136267177
-19.2217399090764,-31.506826345632
-19.9220094141974,-32.4320351843164
-24.0028813134716,-33.9617283316611
-22.8453909586177,-31.7846034859879
-28.1162540631714,-35.6646386825524
-20.2046768282773,-31.7844793433003
-20.3288471134991,-32.6828441851678
-21.1278871065656,-33.1399411931229
-20.961790378477,-32.9254293897034
-21.7952482710678,-33.2860755440988
-14.2999674100761,-31.1091154599824
-15.9599360620876,-32.096868437968
-18.501266395958,-31.5438656057889
-18.7792283747645,-31.5910319906336
-21.2658589000981,-33.594081328111
-17.6506094882004,-34.3441421942496
-22.818761680533,-36.0743057296942
-18.4861454677273,-33.8864405045328
-20.8201341370464,-33.9611947492941
-24.1237553218942,-34.633317545241
-20.4454756972359,-35.8742061311114
-24.1165259696926,-37.7405090037506
-20.6320332402866,-33.0358561534305
-21.8183601165953,-34.3208397734093
-23.0621601020966,-36.5218799117403
-17.0035805725013,-38.1742648245145
-21.0706041084892,-40.0793698768758
-27.8479660514923,-37.8595052464527
-21.050216443145,-39.3968767537542
-22.0320792567068,-38.7888391240633
-28.6207810608366,-39.9989346034082
-27.418862608246,-39.3173197632854
-19.9293527475054,-36.9176544695723
-19.1248278359267,-38.2875116054201
-19.1599446141476,-34.3540961676586
-19.9936204501386,-32.0145723175602
-19.0402131437733,-31.6910762196777
-19.1683470074118,-32.027797324673
-21.1810766297901,-31.5562966893997
-18.4519803983147,-32.4689052401842
-18.2455042100566,-32.3784150276232
-19.5687984189071,-31.9026758327778
-16.7971114447766,-32.1958681762363
-19.3996267551713,-34.7714904877724
-17.6187115894547,-30.6010298569075
-17.328660717946,-31.2462751051613
-17.8158065010517,-32.3581389893879
-20.1388823352974,-33.5326501302604
-22.3477149131348,-33.53612401394
-21.7400434968284,-34.2350440102208
-23.8717322748457,-33.222882809543
-19.1001613286501,-32.7579447723838
-19.429245576966,-32.4238307164761
-22.5387600271551,-35.2127556632067
-19.9636310573587,-35.0105956653207
-19.712322608699,-33.0110604637512
-19.2193311427457,-30.1679652252602
-20.9786497383578,-31.1943794601764
-18.1405699294591,-32.8047546435948
-18.0593785282355,-33.1366804816624
-18.8509592162445,-33.8580166538863
-18.122892960873,-33.4229272436119
-19.0250163202063,-34.4794753450439
-20.8323995857748,-35.4182346820887
-22.0275872683307,-36.3350899045393
-22.6394294954946,-36.7576420656543
-18.9688761687082,-33.6843498537667
-23.4996297739434,-37.7472330237941
-24.7872075688486,-37.6219501786392
-31.0506036743882,-39.3084836011306
-23.6952470194349,-35.4775117783732
-20.9045318400415,-35.6662282821896
-19.9683308575191,-37.0260815431792
-22.9822637357123,-39.6520387437502
-23.7112044579628,-40.2354963728593
-18.6662919511084,-33.7798778451477
-19.9702936881634,-36.7183645079631
-21.6731744593314,-38.0788047823241
-23.2248785092701,-40.3275039326192
-25.6868594626568,-42.1159974509626
-16.737429429963,-35.9879080966065
-17.4412600089112,-36.0414028869177
-19.7998842664715,-33.9067117889545
-17.8870481215503,-33.8391172934256
-21.9741833701236,-36.2118310584829
-22.538195810587,-37.2039514577706
-23.5502273221177,-38.6376282921881
-22.4368877325296,-35.9861762043381
-24.6924376811776,-40.8572450450089
-28.861726192256,-39.6438953567432
-20.0633439744018,-36.9303167627551
-20.0598660856369,-38.4375676168396
-22.5588763256794,-37.5663718121937
-17.0280324963427,-38.8676225041111
-18.4274406111591,-37.0243207204086
-18.8156406518475,-40.2069833490254
-19.0747538476098,-44.251683361127
-19.2187684666628,-41.4649360159897
-25.8858503803294,-34.5255301988582
-20.7619256225171,-33.9626761843759
-23.3991290990198,-41.9236092433571
-18.5924247039555,-42.4805571579787
-20.5035699891312,-41.149107364966
-21.1069110355397,-41.8663405874158
-21.9942134573301,-39.4319225341916
-23.5938906427172,-40.5342572334985
-25.0222880773852,-41.5816118468759
-25.2859023989274,-38.7703743274652
-29.303175689503,-41.3859027000605
-19.6293259922711,-39.6276234303175
-19.7147472576041,-40.9378183677529
-21.0643298983048,-39.1533714568088
-19.8866785388192,-38.6522516755776
-20.2342397807066,-39.4042017293959
-19.9022996208561,-37.6379278279752
-20.2698837689914,-40.5316404479552
-22.3470197535043,-38.4640576373451
-24.4145712964607,-42.1021353422104
-24.8814102301704,-44.2558976848734
-20.5573298516783,-38.3292911268016
-23.904600432639,-40.5637305463238
-18.9568987883323,-32.1931262537307
-20.2352295384819,-31.0606891042673
-21.8464759794347,-34.0752126650219
-24.2903723804804,-33.603954506442
-24.4279051944483,-34.926011613561
-14.928613253622,-34.2572163980797
-13.8533021588605,-36.4033674904898
-16.2290317140871,-34.319066509095
-14.8576101172432,-32.7539802847959
-19.5662815458406,-34.0293241268794
-21.3248130076286,-36.6748652388804
-21.972793646895,-37.7563872252035
-23.4154511223032,-34.8848761593476
-22.5097430612917,-35.4829954006517
-18.6628894147915,-39.0518319770609
-20.8403967239135,-38.2888837192283
-26.0320965306944,-38.1410292010987
-17.2868165498398,-37.9367299947809
-16.9945187871603,-39.0523328086692
-16.7638860964676,-40.3582363332822
-17.3387162286575,-37.8135189289842
-18.5260064422412,-36.1921334247172
-19.9372899115422,-30.703487940582
-17.5870411676729,-35.5943592829476
-17.2192280861657,-34.981613752202
-18.7283002083139,-34.1721245152805
-20.6982270052678,-32.936451457545
-21.9932566404107,-34.7285422284816
-21.7414483578991,-34.0536160193338
-19.2168052880849,-33.3967257813935
-20.8026405846246,-34.0484802215849
-21.1003491616557,-34.5263687042728
-23.3883278243967,-36.1248400993141
-24.0437239002643,-36.1744108005455
-26.5690809063444,-34.0151075219846
-29.9873907553117,-37.9262503402728
-25.7625188112377,-40.342548815382
-27.7998871657041,-43.5216186596629
-20.791377126341,-34.1869503588722
-18.279187076454,-34.2918568780306
-19.7564387422624,-36.3069787686838
-20.7228688138648,-35.7595836971163
-22.0829709052321,-37.3673479515101
-22.3670440566282,-35.24414805454
-20.924655899263,-37.244033036525
-16.063747730066,-37.1881298688225
-17.5617367893036,-32.2643203668749
-20.5988180216818,-32.311591754827
-15.0318018158363,-35.2665594183818
-16.3169570026191,-34.7354578188982
-15.9416875035717,-31.7069606501375
-13.9129247441158,-36.1670129918059
-19.5662416033556,-34.649656389531
-22.2967916005677,-33.7995266732931
-19.8745119779627,-36.4653180299053
-18.7744949296101,-35.613917935097
-20.3203079253998,-36.2145109338574
-21.2194036194001,-37.2705685943373
-25.1722307972475,-37.6693341435373
-24.9876731532073,-34.7906355952558
-22.7381942102243,-35.3520277494414
-21.8289593478903,-37.6510582805812
-24.025042638926,-38.4734596228458
-21.8874413940971,-37.5439024747555
-22.5423810660813,-38.5803771757913
-22.2168412567817,-36.6290510630276
-24.8301165501141,-39.3687611180932
-25.507407600686,-39.3763478304127
-27.0615686891218,-42.1503003394997
-23.178438546399,-41.1539097340992
-25.60788122835,-35.7515663648786
-21.9295850120578,-40.0130007923646
-18.3865690285007,-36.4472155307674
-20.8081429539052,-38.9193861140727
-22.9659727516773,-39.8995805721544
-24.5312853674584,-43.4465261729056
-25.0551725534259,-41.7073670605778
-18.40459214001,-32.7021562138579
-19.1246131341126,-35.0842957000383
-19.4174582308785,-34.7982779972814
-20.6648535007378,-36.0364239006781
-21.4408162873765,-32.9016550841026
-22.10723464886,-33.0151105936201
-27.3256645953261,-37.7818537241293
-19.2906713456755,-30.3117792466355
-21.295958342823,-32.9586394941964
-23.4109496256337,-35.5096783920992
-21.1761701062382,-37.4539686272489
-23.156939630429,-38.4717777121475
-23.4239014835277,-34.5214213522675
-23.5857050325969,-36.6274904676028
-23.3233047721023,-35.2520750965785
-23.3729840881673,-35.1362933281293
-20.6366778340699,-30.4291950183608
-21.2018388090047,-31.8025373543824
-23.4562451227853,-34.7452950335872
-24.5763032708571,-36.0395086731644
-25.9180204711737,-37.5136931834163
-24.6801619374635,-31.6014181954203
-23.7557054092348,-31.811827420509
-23.9971710477727,-34.3014433030078
-26.3516407744493,-34.8453337403566
-28.2421384780666,-35.9159596724924
-21.221617261077,-28.9202708194374
-24.7539323051382,-35.8833737362187
-22.0943088256686,-37.7153414333584
-21.307466845872,-37.3429565342608
-21.5949960725815,-37.6936167802055
-16.6362060958499,-29.8589661507712
-19.0062454582334,-31.9044116822633
-17.7130576401073,-32.6275235415348
-19.473967555937,-30.362709814556
-16.4848756219477,-32.0797307670586
-16.5306757237949,-31.7820472102216
-16.5299328486367,-32.7806461659704
-14.6301152203621,-32.4518296093535
-16.6546296808594,-35.1300089759972
-16.9543874299532,-32.3423669481466
-17.0202812857957,-29.6168116404607
-18.0230981447458,-30.6392758502005
-17.1418690499667,-31.6317104510401
-23.068799767827,-34.3105472164593
-18.2807599721709,-31.121412687433
-18.0934923196379,-30.6594197921796
-20.8048699994275,-34.2955379879683
-17.7068901450778,-35.2074891316597
-18.9911131506588,-36.824808050181
-19.381185704781,-33.1133049392546
-17.710438507318,-34.1733779568925
-17.8807784593505,-35.3490604257449
-20.4427385707398,-35.5436949350363
-22.9438156967038,-34.5832085147727
-18.8555699749459,-33.3842847430655
-21.3004176893831,-35.0265118378587
-22.171756315106,-35.712503961767
-24.4811811837437,-37.3186370680298
-23.7986025545294,-36.654091793983
-22.0029062794112,-36.3452867000377
-21.7049933153692,-38.3647388475424
-24.4947433354152,-38.0118845357449
-23.7156697895067,-40.134211300035
-21.9275933705279,-35.2642790858658
-23.5182182363409,-35.0419173431431
-20.3270713784889,-36.7350539718328
-19.7831149193278,-37.9414351588437
-20.8765948559398,-38.3160036096288
-20.4473745762948,-34.8494681506392
-21.8755816727921,-35.5069194108065
-21.6385345614836,-36.1970244324499
-22.7207324565886,-35.810144384982
-25.3812863415518,-33.0573452093366
-18.2255838171292,-25.1986206162555
-20.3178851563525,-30.0088477433597
-20.9105295195862,-27.7513380995482
-19.813138293355,-29.7285018612206
-20.4757131781317,-31.8037266776329
-18.3870508590408,-31.8911745212698
-15.2403549707271,-33.5631588038497
-16.3745550130648,-34.1865160268128
-20.560267127567,-35.5539940724911
-19.2092170225662,-33.9886239088518
-15.6843600328468,-34.4266024144091
-16.4041487768929,-33.4698939123734
-15.498562723124,-35.4520060309178
-15.6155104361329,-37.1619247899965
-18.1422541813475,-37.0581339440272
-19.7860873115412,-37.7179078445606
-21.3140266001155,-38.2200831498185
-23.1555700520488,-38.7104696282901
-22.3345119593713,-40.6000035894987
-19.8111453394542,-35.0149687837181
-18.4339397890298,-36.8811012169044
-18.7590255256977,-36.6688362527841
-20.3941046939066,-32.4840001467587
-14.7120909697028,-36.9096415176154
-15.8822834531236,-36.102694546445
-15.3919012274072,-36.7389445888732
-16.6038869026878,-37.2009655139646
-20.3787020973042,-38.5217857296241
-21.7044398436984,-37.1997594774047
-19.7006558159197,-35.4068456799739
-20.4263888770051,-37.7622593255234
-18.6865382434727,-36.2680548764978
-18.59161213337,-36.4009402585263
-17.3880334354469,-36.0377048495934
-20.406843953358,-37.732602038027
-21.7119293996724,-38.3970537913375
-17.3341492573628,-33.2672264426287
-21.2327249509386,-35.5175016429696
-20.1090814624119,-29.8851816374721
-20.6610164322458,-29.0033594872126
-21.5153746748206,-31.3501589609764
-19.7824201157907,-27.5912387673418
-23.5543983325027,-28.4716249550663
-20.3954546530927,-30.535992628223
-19.5581795412633,-29.5778098930582
-19.1346577119477,-30.3162824987689
-16.5818922284037,-30.7739623069935
-16.1969453521769,-31.2204939551374
-18.3527599158818,-29.4707873162523
-13.8396474717772,-32.9823587655705
-14.7390361783971,-31.1590316739396
-14.8832840141563,-32.5675711217033
-16.682106160207,-34.8764919879757
-15.0169942441904,-32.8606586428985
-14.0067124566941,-33.7612084524216
-15.6514046798421,-33.9253242991432
-21.2431784647602,-31.2279651027434
-19.8771767982482,-34.3323728590256
-19.2451989413392,-36.767805660292
-19.2509432611948,-35.5716932192719
-16.8047266391554,-32.9549130708019
-17.9632215776624,-32.2629539950455
-18.4807144105827,-32.1295770919969
-17.0260094893345,-31.4492076625375
-18.3947368328013,-31.560102275897
-19.1436430258679,-31.1945300305387
-20.7774471559055,-32.1258184872645
-18.5277848083897,-31.3557524180783
-17.9952961186923,-31.6230796420634
-19.3646073980645,-31.7014462683372
-19.3822632771014,-32.5510711458095
-18.9646939627778,-33.0035773748475
-19.2973949188374,-31.1808528452568
-20.5078702078942,-32.7063129820271
-20.9047133527751,-29.6411885663601
-23.418396852235,-31.4905797943307
-25.6610083942169,-34.2494359503888
-24.2582084809393,-32.0710525887059
-25.3714800473049,-33.5803321708825
-19.1710974112153,-28.8250519111181
-18.9383388961224,-30.6649500972388
-19.7972211196019,-32.4268146221899
-19.7897969784839,-30.1590325678607
-20.6904899523756,-29.6043667361143
-14.4625219983501,-29.6011867870642
-14.5279789647324,-30.4054848775167
-15.3442335015872,-28.8738372300662
-16.2978794908783,-28.2209620255228
-19.4224351491463,-30.5472364190126
-16.8411608766197,-30.7803460373206
-16.2370532949823,-32.6804931357774
-16.0305858363043,-27.895638519988
-19.1337754070856,-29.6752331314129
-18.5823026087794,-30.8434828862886
-23.6898438644008,-32.389359413603
-19.6177153047331,-34.9543330076515
-15.8926555101548,-31.8513517490943
-18.2536063984855,-36.4917891802019
-17.2010940138472,-34.1927013272914
-17.2568280680218,-31.5464460576073
-17.3874221996424,-36.3921695959181
-20.3377461836271,-34.0189102149859
-23.507376010872,-36.6459597979144
-21.3333308794406,-35.5257735130874
-24.1258317162211,-36.0961766882649
-16.0875349395117,-30.5648384786592
-18.1475863812794,-31.8743897176393
-19.4430281911636,-33.2486796637751
-19.9013682841958,-32.9838912549058
-21.4638778903083,-32.9586254875533
-18.6795945431518,-28.6474655784665
-18.8343368395798,-29.3806153436736
-19.3431184167849,-32.5828296784886
-17.2480129989066,-33.7154019379273
-20.5555699027872,-35.3991888792664
-21.4988147308752,-32.9571491455221
-22.87682436663,-34.7298305152921
-17.2287350299412,-30.0808726348129
-18.1552807560461,-30.7730525175981
-19.9387200894846,-31.3141435902387
-18.8622597103615,-31.0574380974577
-16.8054782775795,-30.6444563134205
-19.2746568301633,-30.9984013780348
-20.0077128297447,-31.8728098649045
-20.3985589327439,-34.1609470233007
-18.5479690758777,-27.0906440919111
-20.7882295584493,-30.6680803435024
-16.853616876391,-30.6795993637656
-18.73914889112,-32.3675529263521
-20.0726037552787,-31.7262907056651
-20.7616334143865,-32.2845835576538
-21.575897422673,-32.1713104522643
-23.0409276664807,-31.6205095535712
-24.3695711419507,-32.4178182359721
-22.5375625051947,-29.6830090741572
-25.8116826219234,-30.9707857433523
-20.448738900197,-31.2368826386355
-19.7512475586229,-30.9024567048897
-22.2870926749509,-34.9874129586308
-21.5582944181927,-33.1934492308516
-22.5765597670935,-33.2309592071466
-19.7494726219869,-30.9121260782356
-26.5572379574104,-32.2349396683004
-19.8372102467541,-30.3071305495351
-15.9891859757422,-27.1224858753726
-14.6760727602943,-28.6698908816058
-11.7632584351768,-28.5088088413998
-14.9192326288508,-28.2735220526028
-14.9957835084149,-27.1486824027612
-16.8538873012639,-28.5790430240818
-14.4797487165738,-28.0835209131095
-14.1602589384624,-27.1541222078983
-15.398495500016,-30.6570962392525
-16.1809200419496,-29.917171810844
-19.4330877817782,-32.9168157546913
-13.3216577629332,-21.9342397748699
-15.8391405175833,-27.279732400267
-18.2888784071567,-30.4122045654842
-18.5825833246261,-31.1997354824141
-17.4892990314936,-31.1995936761186
-17.6675125603438,-27.786703545337
-19.8476388977585,-29.3663528768163
-15.6807363047728,-25.6825507542405
-16.8892479633287,-26.6686923130039
-14.9182723477886,-26.8556303696303
-13.4253202319448,-20.8300072357336
-16.1657085553284,-28.7497673160544
-17.418188702225,-27.6705139776825
-16.4760593099781,-28.1642575403314
-17.9184076356817,-27.8867672047205
-16.9220382867363,-29.6633968303639
-18.752762646798,-28.9336350158222
-15.5779824675348,-25.6479456141643
-18.778853510611,-28.0961743152526
-12.5874666073638,-21.5177957303231
-16.778149513971,-27.0459862739211
-16.1768138724801,-28.9414854177592
-16.1143434824519,-25.6874094103304
-19.0768234429572,-29.736239679579
-18.9737770641489,-29.7734114240302
-20.9171207338863,-29.5906237649024
-14.6524162277659,-30.2174723842381
-13.9289488637644,-30.7151089776761
-13.0466368958431,-25.416461020359
-14.3354323424076,-21.9812183138736
-16.0979483606443,-27.2365143880147
-14.799602136299,-27.8776463912647
-15.0796729320006,-26.8535478174988
-14.0852307306236,-25.9091276787432
-14.7148396429608,-27.6500783816307
-15.8455623629366,-26.1882371544986
-16.7515081705588,-24.9898954194601
-21.0145855173172,-30.2310569382914
-12.5083778654597,-21.1039317842964
-16.1853735598662,-28.2931229150407
-14.7793081246816,-26.487976776613
-16.0471688685335,-28.9828847040448
-16.3259875325087,-29.315480728117
-17.3064807951029,-29.4394616866068
-20.8127846983763,-27.6971018158875
-16.7976053157579,-26.5790208667559
-17.0730102749138,-28.8324319785978
-14.4124936944319,-24.7783667859962
-16.3584121823828,-25.3200458193667
-19.1140258835078,-32.3114953477766
-19.652019396826,-27.1385520720653
-21.5253412182989,-29.1920652972868
-17.2605203120907,-31.9378458759464
-21.1103597186638,-30.6722066793866
-15.2007271039163,-23.3938047105034
-15.0808888152985,-26.085844319464
-15.0070537320893,-27.6312566218368
-13.3274319961295,-22.700206217466
-15.6730371241978,-31.1568270022057
-15.5418015200567,-26.1531123639886
-16.9190722932454,-26.1441872724857
-17.1791681967872,-28.2008084473977
-18.6074610188035,-27.5343479204237
-19.5634869938802,-27.875091012241
-16.5053323232076,-26.5788350389075
-17.7303097333558,-28.5077689921034
-14.3250948981487,-23.1253158885322
-17.8767221771423,-27.4753160683366
-18.2951033656231,-31.3268713640761
-20.1086438648427,-28.5647622596227
-19.301498028095,-31.3914756678191
-18.5544160176472,-28.50961952326
-20.6868118230642,-31.3978181213551
-16.9964768781265,-26.0252288888555
-16.0728394672412,-31.2132789069215
-14.5170023142709,-26.1239469952725
-13.619577201377,-21.5590049861699
-15.2274650988543,-27.5168076926274
-15.4547831961129,-28.6291815108972
-17.9303200983015,-30.395571961644
-17.3462591214901,-28.3623039106443
-15.9461234938182,-29.8514264804532
-17.3497465171253,-34.1795564508893
-15.7462299239598,-26.9570180410334
-16.9570415939737,-28.6392863651163
-14.9145445057261,-23.8824915043782
-18.8937304591386,-30.9103809641485
-19.057035007396,-30.0275757809057
-19.0302189620319,-28.6404488267484
-19.461151218707,-31.985375053098
-23.2679803996874,-35.1350813559174
-25.0677513013767,-33.9236525359364
-13.3777508014625,-23.2893137189478
-14.7711114936366,-26.0662699019488
-15.3454232051127,-26.8098683238634
-14.7443500029448,-23.6486804990458
-17.4929400716589,-29.4539335974283
-15.2195068339844,-27.3597248121009
-16.8617812460131,-32.7569581391288
-18.4404336941357,-31.7227918144345
-19.0279717426125,-31.3972714674221
-19.5034208958651,-34.1627712616778
-12.3415094419039,-26.5684582663907
-14.5817370396604,-29.1635409110393
-13.9673732263264,-23.21900401839
-16.8142209153255,-30.2758405633084
-16.9507361721408,-31.7883320308376
-19.2253086363221,-30.7044414768225
-19.8698831163965,-34.0206403414768
-16.8627671706378,-35.0231986399616
-20.1016669262501,-34.2974884905666
-15.7838310913926,-25.6770635793767
-21.7733503200132,-31.0907789631965
-14.2884195465147,-24.7842059789206
-14.7528471934186,-25.2155868999203
-15.889656463841,-29.7624833067693
-14.9966861742088,-31.3002767961345
-18.2284480126312,-31.3224956557667
-17.0490807837603,-29.2014043244088
-16.3466734213043,-30.0453675126663
-16.4187160654482,-32.3374759674281
-15.4814850860003,-27.6487075500592
-16.9546100317999,-28.3738452507804
-13.5787650085509,-22.3153492438149
-16.4643343364483,-27.9418398873504
-14.9808354470255,-27.4155368903382
-15.6510795108363,-28.3743158408918
-18.267344826641,-32.3463166871977
-16.5546767256738,-29.4394469091013
-18.4771917200536,-32.7165418063503
-14.7056776273215,-25.1400684079798
-15.4869276633841,-29.2768076143464
-13.3207790473006,-25.42156647887
-14.9698506812472,-25.288605133823
-18.6560319880259,-29.4463794632392
-14.6777694438093,-29.532422298443
-16.1294509970192,-31.4432219796161
-15.4863806688828,-30.5250325732889
-17.4123970822806,-33.8952374675337
-15.6086134785486,-33.2302717318607
-16.4931096396116,-32.8711492901351
-15.8891965717136,-32.4753856601902
-13.816155317219,-23.4233142116306
-16.9303800714968,-29.0778970639277
-17.5572458712173,-29.1490593047565
-18.8851409171826,-28.8998834317318
-17.3178950964487,-28.7926774230238
-18.5833559947121,-29.6468120672574
-18.4715560171311,-28.6167297840801
-17.3196165959649,-25.5464186470094
-20.5073873680929,-30.4862382867179
-12.5416256318679,-22.9650965126719
-14.7290528374402,-29.5006284960557
-14.2116456593242,-28.5263915411005
-14.4740674755487,-28.2041830201633
-16.5772243834142,-27.799678050105
-17.7295089488779,-25.7097548835639
-18.3245615100375,-26.78481384686
-17.4752828223348,-26.8519162776435
-16.8867216743103,-25.2429308892938
-16.1102160101503,-24.0599745614371
-13.9111697763144,-22.047485434521
-15.410208763672,-28.7738907985119
-15.8908517181561,-26.2881326072569
-17.3144717706941,-28.8976216643538
-18.5376731532612,-28.5682757429603
-18.2305762654226,-31.9506179274483
-17.1966043725407,-28.7970304434649
-15.6978936636692,-24.1105455863194
-16.5238378570586,-28.2992228906518
-14.048289602892,-23.1560170078132
-17.0042420787186,-28.2456111099936
-16.9767083094317,-30.9106061133849
-16.2549256917295,-24.2591011908991
-17.1513706456622,-28.2269198315174
-18.7204857404077,-32.81285802587
-20.0794768027732,-33.6965359020661
-16.2731062273211,-30.7610441052934
-17.2620139684177,-31.6031507435393
-13.8786960605576,-27.0754475718413
-15.5510263910902,-23.7907303485046
-19.0145769334526,-29.6390614890704
-18.2110834489956,-28.8753588503466
-20.9064069696842,-30.0357340393509
-17.2130593472901,-29.9613967128759
-17.4402971161049,-32.5533334564955
-17.4277988603499,-29.4549856591995
-19.638473166827,-27.2218066289
-23.959398780469,-36.008738177126
-14.5488978363341,-22.7772367477971
-17.0979478309815,-27.4432327000948
-17.7909085480237,-29.4559452582524
-18.9956910393277,-30.8312572962528
-19.8408465523189,-31.9158085136559
-17.3736127360381,-27.2269228261738
-15.6350687088458,-29.2133169755369
-15.6110281097371,-26.7608666096058
-14.1846093789752,-26.146757361929
-13.7540765124634,-25.8667717722253
-13.350418443986,-24.4670006217826
-14.4460032704444,-27.86238374116
-15.3315201872144,-28.2965295004391
-17.8166744439527,-30.2642311321013
-17.186220003492,-30.5582062341058
-16.7493937285661,-30.4869166603448
-15.8916424797017,-28.2746391124743
-14.1230707523991,-25.5670641685789
-14.8087112855768,-27.3801830471881
-13.2327640406907,-22.3338954438882
-17.6558059218341,-28.5346072578372
-16.7692078295181,-28.0950721675615
-18.6383358301297,-25.8848155020801
-17.6983125087599,-24.6964849573276
-19.1473167958546,-26.5946127202237
-15.2390594694222,-30.9798852714561
-13.0457068329031,-26.9331262251021
-17.7050382415705,-28.2132800899409
-13.871867328219,-21.8675719179232
-15.7157451898861,-26.8282073244069
-16.4156168859332,-28.7624542095511
-18.5962303286191,-26.7325693822221
-18.2601331790923,-30.0796662431086
-17.085523254901,-30.0887711883163
-17.593828879044,-31.2852180352023
-16.075201576146,-25.4542046764219
-21.0617196708773,-29.6480748160848
-15.9301007200785,-26.1544586003898
-16.2109184892036,-25.354272767415
-18.2578426696291,-30.3278097896284
-18.4498616490954,-30.6321285532745
-19.2784835996344,-29.5349133580008
-18.5489407573748,-28.2203069933352
-20.1014939833107,-28.7971142140355
-19.9907091866469,-29.7290755663519
-16.9329430930531,-29.0919901693759
-14.2206194351526,-27.9908395302493
-14.551176270946,-24.0728228721757
-16.573032124893,-27.3802394535308
-15.5320992007485,-28.5851602354565
-14.0047501000332,-28.18241909094
-14.8619681916373,-29.0668935840248
-16.0993849051793,-30.9641679402734
-16.8659270048221,-31.6537381217009
-15.2165102860196,-23.511444553871
-15.3864869278871,-27.0625190119103
-12.1862600694848,-23.2138712937473
-16.3498898799145,-26.5672255329006
-16.2051216713561,-29.4683321086748
-12.1428266771592,-28.4414943439451
-15.110085352722,-28.2794272787672
-14.6667467622758,-28.5134090475965
-16.4872499696856,-29.8967689151341
-17.2026280633283,-26.4177777028306
-18.1455547249357,-27.128489777561
-17.5664213124034,-26.8533440424075
-18.0757766908472,-24.4664464958823
-22.1559658884764,-30.2246112227833
-20.2004788559349,-31.2326925470189
-21.004654024469,-33.1288250884114
-21.0135164275852,-31.561762412088
-21.0376821492324,-32.6551093441537
-19.2370815971936,-31.779345886602
-18.232777139036,-22.7462357470486
-18.1387445912242,-26.3221458090752
-12.8500944470514,-21.3409974902179
-16.4361674597796,-23.8103030707586
-12.7523075344034,-26.2224861212424
-17.6794973955737,-26.4491916805469
-13.0119732138248,-27.9730037093174
-14.2319198694761,-28.3560303878913
-16.4261122168772,-28.9639135813942
-15.0382071625377,-23.6806464000598
-18.9014484856553,-26.732566226492
-15.5603506366846,-25.8858900667208
-15.8787261260423,-24.3247866030815
-18.6921052351767,-28.038086497026
-19.4551668964823,-27.9690072710446
-20.130706110744,-28.1891222812324
-20.4776534098402,-28.599514547394
-21.8184974875098,-29.4649159726906
-16.5227432866386,-26.6011120628672
-16.685482778257,-25.2364416089504
-21.8932217864473,-31.0616477149349
-15.0144599832164,-23.9790387965757
-20.5771712486782,-28.4644236638416
-19.3896572789744,-29.1778393956408
-20.3129090982927,-29.6529487849792
-19.5423431161172,-30.4899058265841
-19.5042590569107,-29.5051571777109
-21.4337109538539,-30.2757284654831
-16.6865270394649,-24.9859288285889
-20.1764780368483,-30.7573720452433
-16.4978752443748,-25.529883371197
-18.3977014076915,-25.3496806089538
-17.430772227876,-27.9207527604758
-15.708203988895,-22.6281780634155
-19.5067800887083,-29.906724815813
-19.8277003843413,-29.5611145817903
-22.279811041523,-29.9022256462774
-19.477956597316,-28.5349780606734
-22.0773776800249,-28.6791574896536
-19.297902356328,-30.8559712500984
-13.25922624814,-26.2202993350244
-17.0625859697218,-31.3895051686069
-18.5749700070302,-33.2969064365958
-17.919988560943,-34.6067092950735
-19.6011587416855,-34.8562189102845
-19.6465255297906,-34.7981536726156
-19.4304818280592,-34.5799789694741
-19.6185141625894,-34.0754278085542
-19.4130795691146,-34.0852875019326
-20.8033285692721,-35.6986030799715
-18.9575279904766,-36.496428478984
-20.1494098256995,-37.235485869966
-21.0667171661636,-38.355832472858
-25.565677282128,-39.1004479697328
-27.692009089288,-39.666700260737
-22.4305646840555,-37.8066279828322
-23.0874003603686,-37.893631368674
-26.6294562964126,-39.0704150778023
-24.729762262281,-39.4368776350972
-25.9031629248416,-38.52204571969
-29.7293600501632,-41.0612542860485
-30.9796202141683,-43.3399692137489
-23.6915144418774,-40.329131068045
-22.9257798399464,-38.3221282691604
-27.0743795258613,-41.4664818577189
-26.1122411249922,-43.2524649907515
-29.0172447164936,-45.6264780623671
-32.5445421400519,-44.9057037455288
-22.1930817228108,-37.7990695735973
-23.0508591371039,-39.5795901164417
-21.0387875335676,-37.7325405104835
-18.1617341067392,-34.8538401156995
-20.5821864984497,-37.0087942793339
-22.5229341312368,-37.7946589178339
-21.7445929086006,-37.0986622400908
-22.946596609824,-37.759460763729
-26.0655853416022,-39.5870193938958
-16.688372328213,-34.4051667928976
-18.9669644810296,-35.940486814967
-21.2311840494496,-36.3275860520519
-22.0437377735,-37.1906194999583
-22.6808196302845,-36.355194840296
-17.7526527971824,-26.8392760293305
-18.7081371292286,-32.5570718792902
-17.0551064962578,-30.4298215071351
-18.8333755314555,-30.5699038790943
-18.3832913596461,-31.5638053723651
-18.8590326209686,-31.7339277206659
-18.9428775060475,-33.1787722366426
-18.6211232199182,-33.7618493266913
-18.462381576887,-32.9619870979012
-18.667803902118,-32.6413811367499
-19.3422582739731,-32.8519337821719
-19.2750820619627,-32.8647447542458
-20.1086526124984,-34.0271483455923
-20.7337017248438,-34.5500073685588
-21.624543885445,-34.8757019019459
-21.8736472813752,-34.7656536622556
-22.9554173771872,-34.7527945783159
-23.5758531819424,-35.2036984579664
-24.331086651537,-35.7432078868395
-24.9638106830441,-36.3089054915315
-25.2689086447777,-36.8093596556713
-25.6301407272652,-36.8404580026532
-26.0459724946766,-36.752149791185
-27.7287192710192,-37.5399943087773
-27.595044954548,-38.107570004405
-27.6031880066621,-38.4772194201281
-26.8868591091716,-39.1412172324334
-27.1814364321847,-39.886010238052
-27.8822177551773,-39.7055386258286
-28.4318519705802,-38.6792762837799
-29.323174370694,-38.7351936017068
-31.3140506201643,-40.5533632757856
-33.3753264191556,-41.904535177588
-32.1430629888733,-41.2337531424632
-30.9810580936755,-40.9298975643781
-31.2072411741423,-41.9712255494131
-31.0423307930734,-41.8003710610725
-31.9216592198105,-41.9824834216478
-33.0179571612215,-41.9622632135075
-34.5581723450423,-42.5693684602701
-35.8570620164878,-43.7057807430778
-36.3171772013228,-45.2555440998981
-35.9255276927228,-46.5107288861957
-35.9357508760772,-47.8111631750003
-37.2603655843644,-50.2397644225142
-39.7074077056318,-51.3970134419911
-44.2288281613639,-54.5632844349823
-43.9932120210328,-54.6556529732145
-43.9537258630301,-56.1118607200193
-45.2391054950371,-61.4725249889233
-45.8469615531712,-55.6894007198902
-45.9508757231727,-53.4600307410781
-46.8892257819938,-56.9005687160518
-49.0744306301986,-60.849160248396
-48.8895296382275,-61.1823783187806
-49.4612222180987,-58.1054772815434
-49.4701066478299,-57.2970885323922
-50.586130486382,-58.9379080612804
-51.9443113835969,-62.0397156026901
-52.6982194990765,-61.951348342014
-54.4010235063579,-62.9345136418577
-55.5145503118666,-66.5455821012683
-55.6734333894076,-66.3155162536683
-57.3597561838384,-64.9534534544561
-57.2905685060719,-67.3118607530956
-56.4631566139563,-63.9652314728744
-59.5279198032165,-66.5917541565734
-61.4688450347639,-68.48423429569
-64.5646567984273,-71.5565350456799
-66.6864409817013,-74.0422496418104
-69.3851603947195,-78.509668986486
-70.0871262059109,-78.7081569447791
-72.6343058188115,-80.197750659443
-74.3399684775308,-82.5553548392315
-76.6164298133331,-82.6956962335093
NaN,NaN
NaN,NaN
NaN,NaN
NaN,NaN
NaN,NaN
NaN,NaN
