NaN,NaN
NaN,NaN
NaN,NaN
NaN,NaN
NaN,NaN
NaN,NaN
NaN,NaN
NaN,NaN
NaN,NaN
NaN,NaN
-60.4340896830518,-63.8454049506959
-33.7538680460934,-44.2913578525122
-35.8518333577237,-47.8774193339488
-27.1783113148564,-43.7998441057837
-32.0136267673879,-42.8415509596326
-24.0889381671885,-42.4199375943599
-24.7607518223652,-40.7119604116088
-23.8300233355973,-38.5907453373965
-24.1272096301082,-40.7939958261046
-34.7881031972783,-40.8320433714063
-20.4081009518145,-43.3338106284726
-36.5462399841009,-43.9307551289003
-21.3648400540038,-42.2962776156319
-24.0792174362489,-45.0390448674471
-26.0405700680612,-41.9309454866292
-20.383816704193,-45.4132617663532
-35.3791959793787,-43.302825403218
-18.6657901052927,-43.6564264075237
-35.0578914917877,-44.8043683503823
-22.0394191763146,-41.4460406817283
-21.7856720590273,-43.8663015589312
-25.0949880627244,-42.159806973483
-20.4516745715595,-41.4804576247874
-31.822377867251,-41.8813897646841
-19.6093461952025,-42.903991068474
-36.5270573608408,-44.0893851852973
-22.1250694803191,-41.0300482271466
-22.4941966583061,-42.7955019907808
-30.2883009785813,-39.8709550867567
-20.2745697881453,-40.0758494448705
-33.7491342279137,-41.4520381798942
-20.2949482780841,-37.6946502594012
-31.5007627943073,-40.0734213835167
-20.4807489024484,-38.6940413736742
-33.5553511629194,-39.0519745166253
-21.887497266472,-36.972064314412
-35.9960650468541,-39.9237968492771
-32.0628056684346,-36.6503351146444
-29.8408466607831,-36.3155206561763
-31.6011508048149,-36.8007649186361
-28.392195851863,-34.1341712304865
-22.3419767399315,-38.1331127089902
-23.1528301172882,-34.332576779504
-20.647259937486,-36.3939449187148
-17.9045771684346,-39.1840568959876
-24.3576518770332,-38.3188205260477
-23.406855915417,-41.6005023373221
-23.0107318670626,-42.0447213749379
-19.4185049963947,-43.3526994607219
-35.4900944616106,-40.3468650586915
-23.1144374319008,-42.4996683794234
-18.1891323388005,-41.4174447568999
-24.8945811446065,-38.1878527741693
-22.5244842856661,-38.2998724490215
-17.928835450146,-39.0486457051208
-30.9978804165447,-37.3907696972783
-21.3180998745939,-37.6493061441897
-15.1961266722053,-38.6230545773393
-19.2298768661903,-39.2790999013985
-28.5309227765928,-39.712286881046
-32.3978118305627,-39.2874557487192
-33.9690974676804,-38.4683674201984
-34.1301470341055,-39.5774590717599
-29.2734976437863,-39.2463811100361
-19.5735000505082,-41.5581693534705
-15.8478327065467,-39.5759637794881
-17.7588472666066,-40.3789062029825
-18.9736745485276,-40.1971532993434
-23.7403038858441,-38.2258679462725
-15.8186225684134,-39.0184206605261
-25.6746626613603,-39.4575705262313
-19.1898724128652,-40.596242171408
-24.4828935877496,-37.5933393618715
-21.5285450148059,-39.3586785558946
-18.6026909150788,-40.3998114409474
-25.6052308090072,-38.5387250684781
-15.9616767309263,-39.5590351996564
-28.9984013256623,-38.6151853566586
-22.4281398562099,-37.3488153004824
-15.4632025079383,-38.8088730527598
-22.2130882543287,-38.9687572584023
-17.5088485669129,-39.6595005523071
-19.5057795933775,-39.9041082916368
-35.5929736540229,-38.0172239948183
-33.7743542074995,-37.3570551599269
-33.4248117331861,-36.2882698405024
-32.6691530523136,-36.1939084303152
-18.4520911127365,-39.0587683444609
-26.8930755239748,-35.6495998354877
-18.5422983621641,-38.5148717022835
-24.8265028043624,-37.9708346812421
-16.4640964177298,-38.2605115232406
-19.0122381551216,-38.8517093188558
-19.0887239015018,-38.3892517226813
-17.9767951744573,-38.696485441789
-17.4457868963033,-38.9947549669606
-17.4374337075609,-39.4821313229879
-17.7726104036442,-39.492726407401
-21.9108346993967,-37.2648241898906
-22.1117134582194,-37.0301199501283
-17.4737576185948,-36.7693883075218
-21.1199655230071,-36.9773005707357
-24.4754073882752,-35.3009050523546
-23.6095859143326,-37.1567174493694
-22.4617428175423,-36.8139619773317
-23.632202499626,-35.69555353597
-23.9873710218159,-35.8318678062462
-21.559481373301,-37.7072222922239
-30.7910058066207,-35.6524484234587
-17.8781166428883,-38.6694337095812
-18.1931211522086,-39.3239312769998
-30.4186781340354,-39.4179378329315
-33.1179721495285,-39.6324596917589
-32.760009045445,-39.1757486517273
-35.1224820483617,-37.9398649192565
-32.0545239058006,-37.4800994720682
-15.1962648029147,-39.5964157476308
-22.6776247683692,-39.7197517751497
-18.9006282857534,-39.4880891684494
-19.3366022491982,-38.1736110673533
-15.8570777604259,-40.1437106286376
-21.2396572024988,-40.8507583257486
-29.0552553983101,-40.9236696480407
-21.6074593983084,-40.4140861086865
-21.6283590645824,-40.0626118691031
-24.0079005213542,-41.1456397819471
-23.2116503987896,-41.7950449337408
-20.3207353439545,-43.2634611654331
-19.3203433878353,-41.9969216127999
-22.7345606778432,-42.4411317722153
-20.6574319570184,-41.9064972616087
-14.8565068578493,-41.6951175822909
-26.8803886744475,-42.2910480064626
-36.6322312968063,-42.242328146495
-32.2807088278073,-41.0901940548714
-29.5305669680154,-40.7403138433152
-20.3551733140837,-41.0764321542826
-14.550452014818,-42.0638607987554
-17.1195405848312,-43.4134647244967
-17.7129730681783,-43.0240901137903
-18.5520922045345,-44.6777753584329
-19.9651136447747,-42.9478325019269
-29.8127543141754,-43.4363296236296
-25.3452656770422,-41.4050830660573
-29.7352209061587,-43.6559167028038
-31.5149785293697,-39.7860172537876
-35.4850997672505,-42.8260888955108
-16.5337379462854,-41.8818028753537
-23.7040523318244,-40.2101368011567
-22.0285107421871,-43.4020292331049
-31.5320276294887,-38.9866236516329
-26.0596381133194,-43.3380847273316
-18.4763007825317,-40.6904461450783
-20.5319486255099,-41.7881547985156
-17.2315493640951,-42.0757798016673
-23.4343461649863,-40.0881058961972
-16.6971672318048,-42.1383633325734
-27.8043918883436,-39.5729076034503
-16.768152577,-42.918317396743
-28.157393269789,-37.9807909529147
-17.3709905227167,-41.4279169093262
-25.6838335967204,-39.6756256457176
-19.2437462412514,-39.9534545396946
-21.7252959487175,-40.2559450373134
-21.632095103956,-37.4193495517719
-20.1943816549781,-44.2359172875252
-26.7179878398628,-37.7007584995181
-19.8937349670236,-42.6730707972938
-32.0822083257121,-41.2757829172768
-19.0454604499238,-42.2125193694165
-33.1170483036081,-41.6896462402489
-21.0427952943968,-40.1320915827691
-26.1419670721494,-44.2193158070865
-26.3088201716196,-41.0546190989314
-22.9030338513003,-45.3732284182595
-33.0031280814742,-43.2816682940339
-22.7572648294409,-44.0674929976873
-37.221143636775,-44.5661423527991
-25.1087585366836,-42.1215130918387
-30.3883234340854,-43.418109455657
-33.2502757352822,-40.8690583898843
-25.6748532335051,-41.8098650006448
-35.8714482161785,-37.0788133767016
-26.1364436980364,-42.0331346581025
-35.3444347165634,-37.8481841568724
-30.5379545938943,-40.0905769811174
-26.3164755280863,-37.4086584968668
-32.799973923058,-36.9726456318685
-27.3591179002454,-35.4929282141079
-33.483768119454,-34.6273076121665
-28.0651920466861,-37.5499103937766
-31.7437259374568,-33.6116044842175
-28.8249036025333,-38.0261932901322
-27.6944624291728,-35.5117991113927
-20.5120268430939,-39.8539096198834
-22.7064869728128,-37.2429525087855
-21.9305026044134,-38.8944928646383
-23.8575690215902,-37.6819339482777
-23.0162572040513,-32.9414949539941
-28.5658655732141,-36.8936888901507
-33.4994452919182,-41.3870676578377
-30.4702305819359,-43.386413684239
-34.1572418520466,-42.3890044600222
-29.9288691166096,-39.1069693408671
-35.1813865607168,-41.2939305842981
-30.5805264324471,-42.6088080308111
-35.2588734637998,-44.4122311204678
-29.854667548755,-39.3755945500226
-32.7743581367778,-43.0232917660804
-33.7374785903104,-44.0552390667476
-31.0736574411979,-46.0603671894552
-35.4856547294585,-44.3560436201852
-29.4809334707292,-39.1930777119598
-34.818548860362,-39.6162046016064
-30.7169962373915,-43.2122216793995
-35.5081561204949,-43.2483864410388
-31.9115658809278,-44.0224095253882
-32.2547444588347,-37.3586755292482
-30.4976673594903,-38.9996425155054
-35.0161985700065,-42.4165967568648
-32.9966366317317,-43.2854851799428
-34.7336269030057,-43.99611693556
-33.0940099318108,-38.3418458403598
-35.915650331811,-41.6665090137432
-37.0697688181116,-43.2961526730942
-35.8108192479194,-43.5934558942206
-34.9150523500464,-40.5529808002769
-36.1819582626004,-40.8660466984563
-29.733547278717,-42.3640283176635
-27.9433740504286,-43.5083356438593
-27.8627799867834,-43.9342682267377
-27.8449221014289,-37.6896125090133
-29.2171866134798,-36.6619462610086
-31.0570247288214,-43.3441235040002
-34.4508215794068,-43.8499413558561
-33.9793556803593,-40.6753329312357
-29.1222638922465,-36.1418639570366
-26.7379851795957,-38.4426693884497
-28.5329959159491,-41.8682828398333
-31.4752691714225,-41.6713160583862
-32.4536862385415,-42.6923494647813
-31.6292654003481,-38.7203682543362
-32.7643217212082,-39.5448630919798
-35.5111782482904,-42.8853921347794
-34.8297506367598,-41.8774022852614
-33.4775973039018,-42.3920412394028
-32.4720369213728,-39.2731976054934
-29.4214510712303,-39.6541720091583
-25.2064651737741,-39.5932528807186
-24.9404807823592,-39.6881286159936
-20.3444278052267,-37.5660943553386
-28.2533258445978,-37.1590192197915
-22.6982181509097,-36.8865443986089
-24.626691055458,-39.1889515451125
-29.7137797370493,-37.8128391183908
-28.3152286460758,-35.8313809546628
-27.5850264478555,-35.4143730877295
-22.6446469019678,-36.9332379474386
-22.5489788375982,-39.8474944864643
-29.3521213957693,-40.8935846602361
-33.6648475385898,-42.3207828976552
-32.3951836342932,-40.5816862832159
-26.7650253016273,-39.3825645595903
-29.7677924490872,-38.3636616230707
-35.4763213915146,-42.6027079456761
-29.3745124877591,-41.6709167508885
-30.205685182636,-37.9803298929378
-29.6292277891996,-41.359611083491
-27.5451700030986,-38.6962168074284
-22.5820822261556,-38.6788725299932
-22.4057763801435,-39.4090193148053
-26.4484354514321,-38.791804453311
-21.9939794057824,-37.4056767526371
-26.9068644826471,-41.4349892527648
-25.4533066606062,-39.7727981192984
-31.2574068883281,-45.0462428279114
-28.4996507815232,-42.7385691602146
-24.6319455121625,-41.3912934202518
-32.6815592180622,-40.3693430278654
-23.0014333817301,-41.614918704476
-32.199788040379,-42.7868850965434
-33.479685802026,-39.8046764866444
-35.0462769491526,-41.9474571408511
-35.727532120602,-42.1882782723364
-32.5932869407093,-42.2716775496999
-33.0771075679793,-39.6423535220276
-33.524519390434,-37.7588946959796
-34.4046696940435,-41.7379600007052
-25.3179319079224,-40.7738085656478
-27.6255293563198,-40.128414304424
-28.3316752865528,-35.6114557512635
-31.599263517618,-38.7291092745905
-32.2160042874173,-41.9599802719075
-34.7971444861084,-41.3892832403277
-33.5771767928593,-39.6278913472966
-29.766547959159,-34.9983305452396
-33.4134074884772,-38.7313091672296
-32.5604250346856,-40.1482827288286
-31.1956406662868,-38.5614186699949
-32.4200178849715,-37.0670203808701
-31.2524547313028,-32.4150804948605
-32.1209498321048,-38.1547300746095
-32.9942697603749,-38.6168817452306
-31.1474266304449,-38.9396957254437
-32.5150060466069,-36.3869297123925
-29.9139628339759,-34.5074149467418
-29.7438285237458,-35.256394259127
-31.3098290810285,-36.5668260996562
-31.1110809216981,-35.7725395744236
-30.2009702475803,-34.2492298382899
-31.256172825903,-34.994848240472
-32.1377500885655,-36.8282822360897
-32.0094582245985,-38.0700874109514
-32.440986396879,-38.6488558831573
-30.4247383241572,-35.3652740045623
-27.5206559704661,-36.6760086268251
-27.7358761000033,-39.7826253862784
-25.5879961002863,-40.2744952098052
-23.5602578762562,-40.3217911930468
-24.2208859874464,-36.0286911960722
-29.8220955111352,-39.7847188262102
-36.6960201228776,-41.7714168325044
-27.4057265038562,-41.6511503828758
-24.9633032707349,-41.716243863708
-24.9456360134402,-36.8993511109063
-31.7379309217436,-42.0810528362042
-32.2260313351755,-42.5141310716337
-26.7893322954572,-42.4660936502771
-27.0705226207518,-39.4499901845732
-29.8226192306155,-35.0517753746368
-30.7416552840295,-40.8971314597554
-24.4429997418521,-43.1307012301703
-27.6746377973743,-43.3990865484891
-22.0618357700537,-38.5663873878758
-16.0788354473344,-33.1344506859208
-19.0625850517154,-36.9367263073535
-25.9463527223748,-39.7023274447321
-17.1250495002173,-41.3822494250225
-22.2884609772733,-38.2063121114727
-28.7886145262356,-35.4227287529532
-18.1161061984177,-41.8618489332052
-21.0501129090552,-41.3242334090282
-29.5480943686601,-43.4906358424093
-32.4802330116709,-37.6974651534041
-33.8938241492716,-33.040345972959
-32.8939004163361,-35.7772846867828
-33.540532419105,-38.9282067327227
-35.4335856987659,-42.0552545879365
-35.3391584129423,-39.9348087794141
-34.5253659964622,-39.5993034613596
-35.7754157444391,-42.4875015296449
-30.0947978215542,-43.3932955348735
-33.8429195133438,-42.4141008852833
-33.5861941825038,-38.6708503895358
-34.8714380042549,-38.1465830846295
-34.3705750116287,-39.9044258097162
-34.5648120721358,-41.0323615635008
-34.0215091488549,-41.8324376688192
-22.0298807711865,-38.5665243666818
-15.3980586111598,-33.4131598209486
-19.0885275634369,-40.7301624260233
-24.2377639832055,-41.9077035057409
-18.3912690617213,-32.5593912222787
-18.9233084072903,-33.4362495083863
-18.6057568617569,-37.2741775685407
-23.5415266669703,-42.4436951320903
-32.1518370421458,-41.276718092658
-23.8619225688233,-35.1507774121897
-19.0617350782051,-35.5393874706674
-20.4897681563052,-38.3639031391409
-34.049663336445,-43.3176830854555
-32.1919888224308,-41.1642975041439
-33.1891544481271,-33.1857632540363
-31.2563261872407,-34.8281132636698
-21.0176345854403,-36.4146703303729
-23.4512026264574,-37.3157669743731
-21.1863593352032,-37.9438770485623
-22.2597399744848,-38.6602363248307
-32.3846779292824,-34.4942771608789
-17.6077991966588,-39.933294696516
-26.6725296504657,-40.6791442070407
-23.0551821403258,-36.7636295354196
-23.5962714917969,-35.1344851241238
-18.0373597024794,-38.1217545723354
-26.0068757180965,-39.2015502738396
-35.1152595088991,-40.0227121615456
-21.6223183684664,-39.2847193244325
-18.1527567773934,-39.3366003418979
-19.8479653079788,-38.3565791930203
-21.9400951070764,-39.3117985309209
-16.4676179461305,-40.3038177303021
-22.9976318476494,-40.8861892289627
-29.8551867286086,-42.2446392244442
-35.5225464671306,-40.2419298965318
-34.827669022242,-43.0618688742196
-21.0867786249219,-42.4829498772759
-17.5150675930757,-42.4967117548648
-24.3045445558544,-34.5917088863485
-20.9250195517933,-37.7961148405057
-18.934347896702,-43.4668349097013
-18.1009846680493,-42.9985056863305
-17.3782215608699,-34.8840631879407
-21.1792169204253,-33.9804490450558
-25.7537811624398,-38.0486429173524
-19.3875822817217,-41.4849076285953
-22.6922010704425,-38.7787835459487
-23.7585949804054,-35.386065958077
-29.0430681672013,-34.2669971440171
-28.520849433789,-41.5371765267275
-21.9072295000431,-42.2787060122786
-26.0249209329611,-39.3690262975017
-25.6295852459324,-38.1109848864572
-27.9828264507827,-37.0784835535988
-28.4204599118234,-40.1587687373982
-32.8844169173828,-41.9322282422631
-32.2941744685328,-38.5032764742962
-25.4718443850968,-36.1314079742889
-14.3931048406109,-35.8782458186496
-18.5781977455131,-36.23263085758
-22.4424086225221,-34.9854090518201
-22.5704437110845,-33.2205747458238
-19.5748181676132,-36.3734998258106
-17.6593499364936,-37.7913999815466
-25.3853360816226,-42.013448836958
-15.8410750638428,-41.2826821489277
-18.7036484389576,-37.985635415087
-24.9334283849394,-37.2024158674122
-32.9290377423038,-36.7219024924667
-32.619003544737,-37.4485076916994
-33.5573232539554,-37.054577604534
-30.7223584941146,-38.8670606216756
-20.8341419747881,-37.8256270234047
-22.0679443654205,-41.4590700773508
-25.1140403678287,-42.8073922668688
-19.2639993482167,-41.7339471789944
-21.4983176743571,-40.6647087549106
-27.5159837001635,-34.8288139533859
-19.6179607683603,-38.9836154709556
-19.2934560438637,-41.4762472908575
-22.430259041719,-38.5177262558808
-24.2361243801441,-33.4667202634117
-23.2664302500214,-34.570992361712
-18.371938715133,-39.1093319974922
-22.4639747640355,-39.2614147801186
-24.2967665843951,-35.3180794885257
-23.2780347370414,-34.4088607826456
-29.7501497027397,-34.5170408848574
-22.0029040399463,-37.8020501899448
-20.9708777643484,-39.5967345851711
-26.1336478186766,-35.8863629354955
-30.407167283684,-34.92379150285
-24.177053871548,-35.7841157401891
-18.5202973623191,-38.5343858635688
-19.5186506792814,-39.4033280979583
-19.8766493897091,-39.4860166217327
-20.4884380307821,-36.6469150122266
-23.1500763131275,-38.0859132199616
-31.329382951875,-41.8165960208784
-23.6105851697322,-41.2474059058423
-21.4025836464968,-37.4253829453593
-24.994084984725,-38.4609001083275
-31.5729272953872,-37.8900425803721
-32.204042974244,-37.9435975145005
-22.6634157307263,-38.5389525930289
-22.261815943748,-39.5099856413537
-26.1771892603677,-35.4667309928689
-32.2290822641461,-37.234252309589
-24.4834614015228,-39.1551473378944
-27.3131331917516,-40.0956527790578
-19.9289376359116,-42.3717366826872
-25.7879446428148,-40.6042306450492
-32.9615863394807,-42.9272056725126
-27.5530158544658,-43.2111603049712
-25.5794046001754,-43.3147589934579
-24.8792470392976,-40.9095192141372
-27.2712085918889,-36.2427691900304
-37.2341049931186,-41.3001643796789
-19.9879144841902,-43.3629269443768
-23.7816785653246,-37.0063369268
-28.6112121367381,-33.6705634669973
-21.499843080311,-36.4643989540939
-21.5158870326256,-40.3910241952785
-21.3689210116801,-43.622334581613
-30.0897704903624,-36.0826392720539
-24.7025992306374,-34.6058892942181
-20.4077226740108,-36.5750457023892
-21.3603982709778,-41.555582038903
-23.8414552977433,-42.461074881049
-26.604169562228,-37.4948335533179
-31.7425987320751,-34.7919248982667
-35.5778759154542,-37.9449277950123
-28.9744183171506,-39.4364913142057
-20.7057713752387,-41.1312503822672
-27.7176834741804,-36.1628354368989
-24.7488904310566,-36.5860251191148
-30.1171334963712,-37.5840469029204
-32.6576368745552,-37.7335575299473
-32.2787147725799,-36.5003023132112
-33.0384094411399,-38.1533750144304
-33.1396061443196,-37.1870822843178
-35.2612849342421,-40.3759212240016
-33.9082550660321,-41.8905624691115
-29.3931001366436,-38.4315429089557
-31.5020055821299,-34.061916217295
-31.6957155529221,-31.1973473544928
-31.0353192906317,-31.1349314806233
-32.0810754627767,-32.1182007150972
-30.9584302064803,-34.0784562984999
-32.8101340217817,-34.5378993667394
-29.4966532546262,-36.0268785904686
-32.3237947261838,-39.1113807856867
-33.3857818039491,-40.6610601788507
-33.1536069414554,-41.0755581418778
-30.4520213649269,-38.4311706862191
-30.3080680679227,-36.1125093736509
-32.0578238429381,-41.2574898768924
-31.5612612676424,-42.0574738605372
-29.1751620010886,-37.543659501086
-29.7000407812739,-36.3105927672338
-31.6595529424305,-37.8867144686198
-33.5813914303573,-42.076542268778
-26.2465053022517,-35.5931862318618
-16.7233854540965,-33.5132821737876
-18.6142786572989,-34.8545947660645
-18.41584642401,-35.9369710477623
-25.0442639229326,-40.7009378383614
-16.8084659924957,-38.6446890084284
-18.5287900382091,-36.7586047205494
-19.5119624614329,-33.3005718800448
-25.8408118308853,-30.8543388205195
-27.7270309947427,-32.8738538984517
-25.0119495535673,-32.9384181521845
-17.3991866211327,-39.6748541703219
-26.1983271879561,-32.8668758314019
-20.7139767244174,-39.2197318675395
-26.0889194979909,-41.2771751900303
-24.682080801555,-38.9548154510543
-22.1733155690727,-32.900629694731
-23.2082836350487,-33.4951852347101
-21.5167640005574,-32.8515410077323
-21.7217558156151,-36.4192014709194
-20.6315093410547,-33.8150892055668
-17.3306963453493,-35.9466630108305
-18.834690655331,-34.9969164614397
-21.0874429102669,-39.0518976226105
-30.1541868205706,-36.4224043026456
-33.8762889182326,-39.0226767252484
-32.8543863473846,-38.3575308838837
-35.2053004412934,-37.255492137183
-33.7479068573622,-40.5990880438382
-33.942455340428,-42.7468271574442
-35.6750299658751,-43.8049307066651
-32.7835578266189,-39.4949280180232
-35.2953646833217,-39.0877480088752
-32.9819789903814,-39.761725698844
-34.6083339118373,-41.7502858346744
-30.7828550254874,-41.0333078125496
-33.7527765103179,-39.8842107187688
-32.3832273674845,-40.5076457830648
-32.8748038443297,-40.152990440757
-31.8375776607482,-38.9666259099717
-28.2596429321644,-40.2969409857511
-20.6703566142009,-38.1358418526111
-15.8319723814616,-40.3420553665577
-15.9270666892337,-37.2844039459554
-16.4504382651801,-39.5764418648447
-19.5650738018134,-42.0537870409985
-30.7265084789617,-38.0662494237003
-29.0257846217699,-37.6979026195863
-31.8593788773652,-38.5991105244525
-32.8515780716772,-38.0578126975038
-25.9383467013843,-36.3564377677224
-19.6842708355826,-38.7035979479568
-21.6294535303114,-39.747720182946
-20.2497339185907,-40.7841655574184
-20.51602504333,-41.7594268298212
-20.5771910273971,-39.5376966023009
-20.0936813386718,-39.780375180091
-21.3947702550307,-39.0564039438671
-28.2105789401736,-37.3647903841928
-24.5676284313143,-38.2425055162971
-22.0344011135306,-37.3645399411819
-22.3818531958014,-38.6908939379924
-21.7805207157116,-40.624492336301
-20.4690352053975,-43.5422238997705
-21.2115585029335,-43.9233979558365
-22.5008846061298,-37.0964604872407
-30.049781600674,-41.2141976928981
-22.3532559044845,-43.0845209342887
-22.5747321555009,-46.1057603537011
-30.1775636098569,-39.9285720535564
-21.8663681116437,-41.6480068245571
-22.8806187271602,-45.9813806234839
-24.7418330617557,-45.1651898845093
-23.823182777466,-41.904898904679
-26.2081646068046,-40.9829373121212
-26.137254751851,-40.2020251096696
-28.7165366459313,-43.5749716202938
-31.2386237927618,-43.3275089838236
-31.9318794156051,-40.1362530989153
-20.579105842798,-36.4864258580558
-20.677902232923,-41.0643872360945
-24.239267207811,-45.2305676098401
-18.9602103997708,-40.9623069541219
-25.1940324286407,-41.175369128102
-29.129663301682,-36.236409638049
-22.4760798594625,-37.1212689906645
-21.5869114300309,-39.7769383212311
-19.9793516038905,-38.4061460666828
-19.5479172039523,-43.0268769869707
-23.967771284696,-40.5842473141152
-31.6696317097085,-44.1012394384852
-34.6171675044478,-42.9977776163993
-20.4665478518004,-39.8183057781922
-19.6012816702841,-39.437644487803
-20.8493580855051,-37.0769513791709
-21.0849024322426,-37.2047532246455
-20.6084678660756,-37.5120726985515
-20.993068122186,-38.4207648938217
-27.217655332267,-37.9578078263644
-18.3341191488531,-38.4932470657635
-21.3132760503081,-43.3675416753828
-19.0964737738003,-41.1383683921589
-19.3977074870322,-43.7856955367384
-23.1870690704855,-42.750448475157
-15.4188232993174,-41.1563743829919
-17.8364873717938,-42.3090435553448
-17.3016088814245,-42.9760019777924
-23.2019726968002,-42.7239925666712
-32.4706513370081,-38.3211649376758
-33.8310707211397,-37.2554389524112
-35.6053672368112,-42.6827033949198
-33.1323018177899,-43.3565280521315
-32.2408371951034,-42.2443480951023
-23.7339878775795,-39.9994843164781
-19.4790871396212,-41.4981054556059
-21.5728667419935,-40.9748559644842
-21.4058805102601,-40.4690742295165
-18.1724725370901,-38.3833981667049
-17.8976677533221,-38.2668005332367
-16.9145965131889,-39.4069318895216
-17.9987837032409,-40.91934302495
-18.6571415607326,-42.8423759420885
-20.1730495512183,-40.4164605297074
-19.6783979977684,-40.596273493479
-22.0008486991355,-40.3903568891367
-19.7204581210289,-40.6452480511518
-21.4471168875466,-41.7904842386547
-20.4540356508548,-38.2127643282834
-21.8211406417693,-40.7240552429837
-18.8281924708846,-44.3835891577466
-22.3097075119486,-42.5215346551241
-22.0212763429336,-40.80869201755
-20.4521887343956,-40.8787551421935
-19.7125648476211,-41.7512783504914
-23.6272207899897,-45.2165205548974
-24.6609194157232,-42.2188120249765
-22.503564879092,-41.263383377268
-23.6459497459989,-40.8325621436519
-25.6220905503111,-41.1468236271992
-23.6921618433783,-40.9615972341384
-24.0012115017351,-41.1615891920834
-31.6663057052314,-42.318736118222
-33.4548731347814,-41.8370556434757
-21.7445315084518,-40.4351330886957
-18.4791502667594,-42.5489190077454
-29.8692774255727,-41.2938791357489
-20.707554267036,-40.6669754390812
-20.8050582509667,-37.4393254530053
-18.0336329258437,-41.2580338232801
-18.0421372969336,-40.5028752882619
-22.6253614329662,-40.0661217921385
-31.9372911656053,-42.4484565566504
-23.6942275223409,-40.659500287457
-19.9807730432999,-42.5420540827761
-18.5780775804602,-39.9216479163654
-19.1533526995771,-41.0349593028623
-20.9635463329141,-41.8278797503455
-26.6563621201252,-40.4952226617762
-30.7533390807765,-41.2370072879897
-21.540090968249,-40.0037124186452
-23.6090253828013,-38.7702700296473
-27.579830521898,-40.065413245019
-30.4900157041182,-41.6728930526111
-24.0750438517768,-39.4285120502148
-23.2911877691633,-40.3151140430901
-27.45208382756,-39.7712318313924
-22.7737056047219,-41.2404144784953
-25.3860294721821,-40.9525111973626
-21.2690707225887,-40.9035109971386
-21.1490104433779,-39.6892722263077
-21.4401598020891,-41.0323074919553
-26.2329648910169,-41.6621162013606
-24.4259778812008,-42.2918845173753
-20.8313265056161,-38.7218945656782
-23.3644717206076,-40.7915000083779
-19.4497058933029,-40.1719838649951
-27.2683012825549,-39.7364132999568
-18.1462303795095,-40.343365229413
-19.9224947115428,-37.2540050555728
-25.8059361229983,-36.7749240823539
-22.8848124567964,-38.2893738849449
-21.2169347101665,-40.4883407107209
-23.1534742670368,-42.1779397253362
-25.8449823254888,-39.712090181427
-23.2129021763165,-37.961021328603
-30.6083384748682,-38.3675312542855
-18.4002031734024,-41.814401197166
-20.7754172969009,-41.1216677037255
-22.7967876190006,-37.3355356324539
-21.0413508116181,-38.2987002258116
-19.9197144976576,-38.0381699925205
-25.8913090329834,-38.3691679408069
-20.2439978111397,-38.2919729940905
-23.9975046752491,-37.2169817241726
-23.107880621876,-35.2511853551406
-32.5772976701365,-40.7362857367644
-26.3998865526428,-39.5539161247802
-22.8006696125851,-36.7051418234343
-25.7083208057691,-38.8140032310561
-31.5176358159828,-38.3983253637534
-27.6153301779347,-38.111760919703
-20.0597328980548,-39.6451131063389
-20.7443564967362,-38.9862790930026
-17.3457930609143,-41.2057748522517
-22.6535185166221,-42.8981900912985
-29.288922419474,-43.8916347739469
-19.3728655827532,-40.6257016048676
-19.1695988796448,-40.9357561510762
-20.6506954252058,-39.7597007600635
-27.0048613909129,-37.4108120550532
-24.4367676907531,-40.433614204211
-25.0413411324815,-39.6088294034307
-25.5202789842943,-36.5493474134215
-24.9995579396952,-36.7225429456983
-20.2240582311375,-37.5464363375828
-17.1210530715017,-40.0376629846256
-18.688245471748,-42.3469450296145
-23.068523703336,-35.4548404456216
-28.2207176044889,-32.1517844306901
-30.3758572453788,-30.6463746942582
-33.1878144878685,-36.3650886254459
-16.127663361181,-39.3887367405441
-19.0708548125528,-33.2625436292145
-21.0276277970703,-29.4247384587986
-21.0509934910896,-35.1324909994605
-19.7818763626872,-38.9967082096603
-20.1792752355667,-39.2735715805288
-25.1647696196347,-40.2825830075943
-22.6866147494866,-30.2638826149529
-25.1046930955508,-27.3682605797602
-28.7004918817479,-31.7683867250598
-30.827131649051,-37.6607199261984
-30.1828375834476,-39.6523985294287
-29.3250731841031,-40.7800217281281
-30.2865318327484,-41.6497532897378
-27.462965674365,-40.3254782484477
-26.8147627184849,-41.0154755358826
-25.9501454039108,-40.5606370673231
-20.7412452089922,-40.1474030836362
-24.7783200426838,-40.7440041314917
-28.9270425484632,-40.5070615808893
-29.2971781355796,-41.4995321176306
-32.7673597041693,-43.0323638045894
-29.8087468214936,-43.2154748107944
-25.312991958505,-40.9392608165887
-24.1901027143699,-40.9528254752096
-27.3324344177063,-34.8527148917349
-30.7445072854503,-42.6494719348433
-32.1852721197745,-43.3151334653275
-23.9065983731095,-42.571464193023
-33.7547680664475,-44.7950006410873
-28.919134415582,-42.318672076338
-30.5766124920961,-39.3326354819294
-35.8184492763474,-44.7868022422643
-26.127422081711,-42.7976039918718
-24.7544606820223,-43.2572289044849
-28.7366580357676,-43.2521592423807
-29.5431320919537,-42.1848932681254
-30.7104947632529,-40.9915767143615
-34.3643169458159,-44.0874096076261
-32.4286130173131,-42.8902096473053
-32.2241459183567,-43.2500591744466
-20.8755809385656,-41.136924568348
-18.3216743748732,-42.6787642950912
-19.0912431793159,-42.370649587978
-16.7439639739435,-41.3167052991385
-16.2576822728277,-41.7739691448499
-17.9043973641256,-40.5809383994815
-17.6188205230164,-41.4179026456196
-17.0147552500953,-41.1322861811642
-18.6492635699334,-40.2597077689671
-19.6810022847114,-40.4182651593766
-21.7976528456585,-40.5314602548751
-30.8166460389085,-41.5487772574008
-32.6108133810157,-42.6655013605224
-34.9921294366537,-44.7890820485616
-32.0238096572704,-43.9167225609002
-23.2517851086618,-44.5881424436095
-32.5642943885619,-42.5231266831061
-33.1710616169442,-42.1280768576616
-32.1846599015499,-42.4718753477803
-32.4315493583463,-42.7042005761611
-35.4011541814623,-44.778688202791
-27.2718340829267,-41.9305237125011
-26.3376810974827,-42.8093539774776
-31.3795568856609,-43.0739092310479
-32.4456063368283,-43.4589553015858
-32.4957246162983,-43.1285389752061
-18.372822212936,-39.4730491122614
-16.6106688956359,-40.95571259411
-21.2999633693367,-43.4101491405837
-38.0001254173661,-45.6780006678253
-36.840870690527,-44.0726334802352
-38.7932352961583,-43.9348199836002
-36.6810021701263,-43.7354185366426
-32.6872723018572,-43.4495000472379
-23.935264102515,-37.4368397129607
-16.9291152023195,-40.1395587442356
-16.3553277030845,-41.6642485005721
-20.460113082233,-38.2753276755116
-20.2551257129592,-37.045150345882
-19.2166670277909,-40.6441852167261
-26.3875492803378,-41.8509115705112
-31.5833416373242,-40.7891929932105
-31.3569303941198,-41.9625330686415
-19.7015304368838,-40.4587293165016
-22.2110285401217,-40.7450465381266
-24.8261145789569,-41.0267113394348
-26.3116542514917,-40.7750298747395
-24.914995429706,-41.4149722148312
-26.9046913503732,-40.9101975594408
-26.016896536124,-41.3816061540107
-30.2334559705411,-42.6931686313382
-35.0716041805798,-43.5349632597538
-32.6732956304717,-41.6265405650097
-29.6292496662101,-41.3439680509654
-31.0330864376057,-41.9609721333985
-31.386068837597,-42.6055763214353
-32.3934152567229,-42.664695361557
-28.9226157543284,-41.7789888186389
-17.2318153046078,-39.9784969098999
-17.7294115181766,-40.8933055121213
-18.1813413866282,-39.8483881658113
-18.0301439714442,-40.3057564070537
-18.8573917590121,-39.9525181587047
-19.3693755925459,-41.3092372308865
-23.4908143203327,-41.9201881056743
-31.9170640001766,-42.9429672556135
-19.5162418387006,-40.5720215517442
-23.9238683525425,-40.2901305219683
-28.3364368395914,-42.9458289122604
-19.3159160997555,-40.4994236668072
-19.689677720327,-40.1930974909225
-19.66137428585,-41.1219295664603
-19.5227554030821,-41.6034089014423
-24.8212340257066,-41.5008611048273
-23.577780971909,-40.5748077294898
-21.8934546686834,-41.0750742031842
-19.6625865149346,-41.3218296715052
-19.84840184616,-41.4362687074044
-20.8059618673887,-40.6208733664795
-20.6798142104992,-40.8464307633765
-19.1073142994045,-40.4583322459192
-22.0310048142107,-41.2787001096299
-28.2601078629029,-43.3191782269547
-36.0161174318068,-43.943034254524
-36.7238627802554,-44.0746478557008
-37.1752543826208,-44.5835804108215
-37.4303408267336,-44.6038893638424
-36.5874309403467,-44.1270825537743
-35.9964244241565,-44.0689548901177
-35.8543032202044,-43.6152995496295
-30.8887313714942,-42.0676716168799
-26.4143872271899,-42.6462167515414
-27.9616946127907,-42.3338779621266
-23.7841170181463,-42.333883091325
-25.7488108109037,-44.3875438088228
-32.1971280528637,-44.2284038109454
-30.4204409137391,-39.5983341012031
-28.2004649227188,-42.2699139779578
-14.3132341067654,-24.8888724748753
-13.6953138227571,-23.083333036024
-17.5289508045807,-23.8136805229128
-22.3973862349488,-26.8956292322651
-11.6117590075052,-19.8428471251398
-17.2013014702415,-23.5767346975984
-17.5159680374059,-25.8002435146227
-13.4293859474299,-23.6741705012052
-14.3294804757365,-21.2684502988981
-19.795830049087,-27.8754913366865
-11.0765658226396,-29.1820263408609
-11.5881489508774,-22.9036049670364
-15.8943011046572,-23.700622551684
-22.0583248803269,-28.4472700264327
-26.095737303079,-34.0720308710894
-10.8492146045745,-30.2351805228014
-12.1902890141768,-19.0908828373703
-14.8982006866942,-21.4240232511903
-16.1685552339568,-23.3512624736199
-17.0500615043353,-24.8876019099143
-12.3201961147706,-23.4230187496403
-11.9190212785588,-20.3652719959243
-17.776389316415,-23.4126999891431
-22.655436516498,-26.6362662367682
-11.941913233052,-24.10206526056
-11.0132331441214,-25.488495093488
-14.491070928816,-21.8902576537808
-16.2597255556443,-20.8381810869226
-16.6397555337982,-22.2590658949329
-17.0885038529427,-22.315692295328
-11.5393775993103,-22.1905497670855
-14.0266198249726,-21.5413287039556
-15.6893470187517,-22.3589501441586
-16.0279850679738,-23.73743002807
-16.1584278898297,-22.995748614732
-10.7772453589589,-22.216134755244
-15.7211688875202,-23.7024559497966
-17.9942373776153,-24.9179659625284
-18.1924039714038,-26.0375751254592
-18.4195027072373,-28.0688613877956
-10.5829718000465,-22.4397125592718
-16.6319035446928,-22.739573462345
-19.6092092554774,-24.8164017262042
-15.0125735385585,-25.1744401340218
-16.0255964965473,-24.9998908781532
-10.8883093869538,-23.3560112223663
-15.2262149444115,-21.4734294508139
-16.0182718972387,-22.4581007172
-16.3460479992328,-22.2204791671673
-17.6113558482515,-22.8052650193092
-10.4442216314568,-20.5770923546526
-14.4741304142611,-18.2496654209167
-16.021696300967,-19.3291924161359
-17.1487936725857,-22.7292706083114
-18.0789183647033,-23.6422315493626
-10.7749295941583,-24.0253772744246
-16.0324634284209,-24.276367697791
-18.1824266679966,-23.919481278279
-18.7885075541959,-23.9915284950515
-19.9003475604686,-24.9872094308903
-10.7388493839182,-21.5072870525235
-16.2483774412418,-21.4202300112121
-20.6972487044002,-24.4348840676411
-13.2804912224488,-25.384390556896
-15.6973518393995,-24.5411399042581
-10.3109233996066,-22.321543142262
-15.8031671041994,-21.7014874238893
-16.6984310077462,-21.5469763626405
-16.4016599010018,-22.8359165427448
-17.6122077937103,-23.8876666688728
-10.3861128286745,-20.6478053100276
-14.0165733800742,-20.492836205594
-14.7474710765421,-21.5792664108596
-15.3672875123963,-22.5592292853696
-16.6622763173703,-25.2133264242967
-10.271576196696,-22.880816426704
-17.1071572163235,-21.5420455479357
-17.101370237469,-21.4741395992084
-17.1711372095143,-21.0841531096592
-18.3346904869591,-21.6215954872444
-10.2486471632645,-21.2413512449004
-14.2464614421748,-22.0429632326949
-16.6253312422457,-22.5985754411603
-14.0079486960318,-23.7372447361051
-18.5220103396839,-23.9027091217652
-10.3262814946307,-21.4276449590958
-15.6062502326192,-21.5289659370201
-16.8986316546772,-23.1578303750865
-16.972532831674,-23.0617616378386
-16.4658451618069,-22.3299504128998
-10.1556961721304,-21.8780156035089
-13.6081775970682,-20.8866728212672
-15.7082358953219,-23.178268992211
-16.7641054541967,-23.8773916071068
-17.8397817086612,-24.6594282839712
-10.2798262056951,-19.9432147751233
-16.1739115891754,-21.2328449017672
-17.2713620634882,-20.5815609850327
-18.0399876688886,-22.5695335893172
-19.0347670678358,-21.9432824782521
-11.1049953123452,-20.2163173167951
-17.0250232083746,-21.8513827273632
-21.3114947081197,-22.5404150720776
-12.222367596698,-24.901518088296
-15.3402366410836,-23.9618012179358
-10.8181186499156,-20.2756199012984
-16.0957089063725,-19.463942345992
-15.9725720167559,-19.2878740634666
-15.585988257303,-19.7003678302557
-14.1427065916599,-21.6386182179584
-10.3895574649891,-20.8597310410337
-13.5712460118108,-20.5281772834743
-15.3285457263201,-20.7688821324674
-16.4303803573988,-21.2041857815274
-15.1449947348576,-22.1301683835691
-11.1466501097524,-22.4913298426363
-16.1591580217349,-22.7363398962988
-17.6443193932226,-23.3310268819899
-17.2309883121801,-26.4893711467704
-12.3785157545019,-24.5534828163844
-13.2635312744913,-20.8983830903474
-19.0735653598977,-21.9386680127215
-21.784344773895,-21.5868271014622
-13.1762575067681,-22.2701160312475
-13.734069253268,-25.1081103541452
-12.6818287026847,-23.2518936262957
-17.7020139492003,-23.1684778122862
-18.0816058591674,-22.8751844150194
-17.9452748041282,-22.7752433336988
-10.8617438764471,-22.3303863343053
-13.3933512924944,-19.4261257077806
-14.8704387312347,-18.8636466947817
-17.3679685286707,-22.6072265591227
-17.699446940139,-22.6912374243151
-12.0083746807278,-21.9765777836783
-13.3640697158585,-24.5050091678977
-18.3082391275859,-25.8300484781117
-19.2179564103106,-25.5703242046988
-19.3904148011106,-25.2674482870817
-11.4095165835863,-23.0935224419071
-14.6824855124867,-20.4895406255379
-18.6473446400293,-22.6007416771971
-22.478759947682,-24.5813669897274
-12.8981196279858,-23.3338949358287
-11.6774993678276,-21.6458629281029
-14.4686126199451,-20.4264565870817
-16.9077075877091,-20.5596766298979
-17.7289949925843,-22.0601337566468
-18.6299317504723,-22.9945000538777
-11.3609339145453,-22.9845699257976
-13.4117429913579,-21.6631409397555
-14.758051070957,-22.0458263856657
-16.351084883247,-22.7994266245228
-17.1357883778687,-22.0743744347489
-10.9335852733342,-23.0347076955932
-16.4979399690157,-22.2721545384878
-18.2923921919346,-21.9796548191826
-17.9946319135669,-23.9412516751387
-17.3901813247844,-24.6817171834936
-10.3859260501059,-21.8028200314077
-13.1722425634956,-19.2682862262322
-14.9586447431349,-19.9170637690743
-14.5851074639693,-21.9447768223896
-14.195946873427,-22.1444072844279
-11.0111806177095,-22.2998409978563
-14.9071588511579,-21.3508966674287
-15.6957826696499,-21.5776618221334
-16.84028256194,-21.9834962160641
-18.0032529815284,-21.9560802230567
-10.555018743831,-22.6209447773486
-13.4229233427094,-21.9646312828291
-15.729514557782,-21.4957550874281
-12.0964221953136,-21.236016675022
-14.5325349204458,-21.5898506035746
-10.5802082182936,-20.5162163083125
-13.867113648445,-18.5613539254697
-16.0347663438949,-19.7018450658015
-17.1103832069753,-21.3728679575953
-17.6678018510068,-23.0829399269019
-11.1530253850488,-22.7940148944938
-16.0644553705332,-24.385793191419
-18.8611060547988,-23.6902110290271
-14.1046122938845,-26.3630766376143
-17.6595080413757,-28.4622148784431
-10.5180353616483,-30.3088937971708
-13.2531644865056,-30.9218240213925
-15.2678128424945,-30.759708341474
-14.1082557742855,-29.1164513560672
-11.6217147319565,-29.3052164018821
-10.6427920828594,-26.5425774346769
-13.9283182178567,-25.746230038018
-15.1796886012252,-26.0588680769789
-14.9397541380726,-27.7357393763978
-16.2136742438135,-29.3267294492309
-9.46811921623941,-30.9297860958764
-13.6434090268973,-30.1599901675882
-13.0848259575175,-30.2648677019484
-13.4777184341582,-29.8417767038575
-13.6103581657559,-30.8669823218254
-11.0006206798391,-26.6591985749484
-17.6527383770337,-26.2709455898045
-21.4638236876754,-27.3498088692387
-24.1554250057662,-30.4722971035988
-27.2274763360834,-33.7456953046663
-10.6808759552657,-34.9128343949818
-20.3241586599441,-36.3230886445007
-21.3006301758137,-34.5364141291643
-20.9719979242651,-35.0657174666518
-22.5270045677779,-38.6794698987649
-10.5937494463527,-28.428369340451
-16.3068659107045,-25.8144629826589
-20.1579190440405,-28.6129196375758
-22.0462350556658,-36.4639217757734
-24.2028164609125,-39.5648396759243
-10.8242369428569,-24.3477488255588
-16.2962946948711,-22.4535860570293
-17.9570188679574,-23.5005609196428
-17.9893719805565,-24.5205777140554
-18.0820319214806,-26.0700312700203
-10.5769216424614,-25.2494953435156
-16.3038683967611,-24.0111005859997
-19.7832750940905,-25.8855512646567
-13.9397057299107,-28.026610423377
-18.1676509435739,-33.1529589332447
-9.88875391901036,-32.2476809046359
-14.3761802554351,-29.2902234031551
-15.7332078476865,-28.51947226084
-14.2073206215826,-28.7501308370566
-12.4646271392891,-29.7129722712683
-8.66500422096816,-27.9994739918169
-9.61228833104339,-26.5161184115983
-13.4380263062212,-28.9873748837418
-11.7446636078445,-30.2242881341562
-15.3744846882854,-29.9868776660065
-8.6257903159232,-31.9844737267181
-17.1920790048826,-30.937565854153
-16.1021045875516,-30.7682370832756
-15.8504755948045,-29.5590513712239
-11.3544110634917,-26.8662525777924
-11.9283463148498,-21.8901169226389
-14.4107014760686,-22.0801333043992
-15.1092911421344,-24.7808591185657
-15.4471443679437,-25.8474156874128
-14.5390868783164,-26.9607254040151
-9.8208579738987,-23.6647270295234
-14.2867386662909,-24.6791152769962
-14.1869922257815,-25.3700722774749
-12.9169282598291,-27.5242333487889
-11.0820163298453,-28.450817026257
-12.2216452003967,-22.9773225017154
-14.7486098928944,-22.1458824843286
-17.4059752493221,-24.7922192026177
-17.8527587083707,-25.8690090397567
-12.2687794229049,-23.7834076171014
-12.0343913192196,-20.6033005375142
-15.2252808519606,-21.6743419645439
-14.821825061755,-22.7323475806299
-15.5789455471583,-22.9958004080472
-11.0116643380324,-23.6024806732106
-14.8827619554172,-22.9086688041947
-18.3212647194042,-22.7874996898846
-19.9613554907763,-24.2337183400827
-12.655183790243,-26.4559919774482
-11.6295315476279,-28.0918939610653
-12.6546036409651,-29.3673596086994
-15.7289269025765,-25.7564387669093
-15.2363247934889,-26.8247732787667
-12.2862096375487,-29.7718394138509
-9.80198873322475,-29.6364871439657
-12.2312691269846,-25.2671869236627
-13.2167273462559,-24.3105010663807
-14.236820209724,-30.2598553744332
-13.2167689496771,-27.8311820064664
-10.1240753417712,-27.6239107587888
-12.0636028907734,-28.2499525083433
-12.1914797370722,-28.4995293266884
-12.3561710231872,-26.6035217844778
-15.1358846752469,-25.3187534061534
-11.5338333967211,-25.7938038878842
-12.8506866232335,-24.6066478400059
-14.383819772558,-23.9899103002344
-13.592019965178,-27.894820954574
-12.0377941386206,-28.5055167178068
-9.89460488149263,-31.0343030759014
-15.3755559585641,-34.3906831029523
-14.7736815897578,-33.5570164356682
-17.5904902682531,-30.9818134936122
-18.5365157239838,-32.4489849741842
-10.7074043532223,-27.7502642363338
-15.3712666414148,-25.1611176419153
-17.8600192659658,-26.6259822247802
-21.0785160230623,-32.8944236592618
-22.3382758843414,-35.6756185256755
-10.8608630927479,-27.2341030983303
-17.2479173848706,-21.9394380511541
-19.4141594280404,-24.191835546672
-19.0313373423282,-24.8724642991952
-18.4628846526978,-24.4050023793945
-11.0429002528414,-23.159571687278
-18.39902064922,-23.3219889948185
-19.6059752336655,-25.382032219766
-14.104221480104,-25.8477325303998
-16.3956052064302,-27.8908641797386
-10.2136515583574,-29.9843195523035
-14.9235145473875,-29.7302005038491
-14.7654443571927,-27.270799943648
-16.5788663762958,-28.6513331168113
-13.5031479254547,-31.2078827245563
-9.26777207095793,-25.6686027600446
-11.3280952002446,-25.5812947880166
-12.8805831179872,-26.8099638141574
-14.9669077219518,-27.3919098632556
-17.533273628507,-27.6074097062961
-10.2627252841846,-29.8012871317721
-14.9471205472597,-29.7549510324497
-14.4299944902447,-28.1059042110475
-14.8865858317602,-31.3951186902743
-15.3794007798327,-31.9850471967008
-10.0546021856754,-23.2625604128751
-13.0099649897287,-22.4307450895795
-13.2384595173057,-24.3889486784909
-14.7615009877775,-26.0707713408031
-13.7601332447673,-27.4907046007223
-10.0648788121962,-25.9290712756479
-12.8725356733259,-25.0229494546165
-12.5559586799102,-26.2359416214432
-13.4757819027634,-27.6119752625125
-13.8722621190771,-27.7307711351972
-9.84723881057163,-23.1801819502281
-14.005344176125,-22.2452418762895
-17.1316116517396,-23.8792646808296
-19.098431391639,-26.265091665726
-21.5678575587705,-26.8584978807468
-10.4021613917967,-24.7129715088727
-15.5969343717846,-21.9398900736226
-16.0164301229834,-23.558079193266
-15.289201743262,-24.3848322326735
-15.3090594795289,-24.6949595459089
-10.1759015374481,-23.8019108600736
-15.1495097743265,-22.5300307718807
-19.1841926260941,-24.6969782422377
-12.5207414605262,-26.7289289261868
-20.5376965174829,-26.7484528677986
-9.4433488601815,-28.3089178529491
-12.5842994607808,-30.8374231660921
-12.2346760778361,-31.4448293417153
-12.3623428388574,-29.6623495322428
-14.4699500870053,-29.8345588663579
-9.7029819473743,-25.8862926654952
-12.1176539477886,-26.222371505362
-13.8578837596318,-26.6042975001254
-16.0160474737696,-29.0811662545737
-15.2419770348001,-28.6111958131163
-9.94761423686281,-25.5252358384575
-16.9956356782324,-25.9125381181402
-16.6927991847353,-26.9297448336775
-13.7235235453925,-26.1522361929594
-15.1520939855965,-26.9893891132969
-10.2743934627081,-26.2110152022942
-14.6773129889984,-25.1566266402207
-20.2797482537621,-27.1778195821932
-22.2997901375359,-28.6626521494769
-20.5157416596688,-29.0026722913757
-10.4552097620614,-31.6888785131304
-19.1015320437447,-33.8624640791322
-19.2109383859711,-34.8569707749009
-18.7617991984964,-33.6449147757623
-15.8335716619704,-32.3778699861803
-11.3106671361616,-26.9545163984015
-16.735559749581,-26.5317951001534
-19.0874173805393,-29.9626090041921
-20.6806800698947,-32.9517989690059
-14.0766188822332,-32.7414750415009
-11.9056449779432,-22.8921701782754
-17.0118547439809,-24.9190197215741
-17.4746602113635,-25.8021182385157
-17.5226962437499,-26.0679147639292
-12.4662983696203,-26.0378551501706
-13.1485916102876,-24.4898927274031
-17.3410429397944,-23.6930028083555
-19.723314720272,-26.3740390875284
-13.3670482575162,-27.8030429012352
-12.4479606159008,-28.5879391043155
-12.0277903542709,-27.5827473206884
-14.6522126614393,-27.5001926926823
-15.7403954541849,-28.2657168526463
-11.4318550259386,-29.2176174348053
-10.2175226065186,-27.2100900618869
-9.51906869253067,-25.5558095175072
-11.5356868566938,-25.8137354148391
-13.9791619728489,-28.6724435590485
-14.5129653309763,-27.3230316927423
-12.0258223439565,-29.5909872637968
-13.3633970842384,-31.0666980607262
-14.7482698212115,-30.252209501495
-14.8042796128299,-30.1685455140597
-14.8049673563726,-29.4001440879372
-10.3548646920657,-28.2748363675597
-11.0141668379128,-22.7904226377935
-12.1240726690623,-23.9062667416511
-16.6326460200023,-27.2820443807657
-13.5744772449807,-27.3884846455623
-10.4762097152182,-28.1459976221002
-9.59775893108953,-25.9740892842435
-10.2163958766715,-25.9304733677346
-10.8066171392247,-27.3969462312579
-17.4006819522506,-25.2907551810883
-11.0807675309057,-24.91867058286
-12.9852006295225,-21.9716151569751
-15.4018855829159,-22.9805118077589
-17.5565691380236,-26.8991207755256
-18.2354630256638,-28.6674234840208
-10.2044997562948,-26.4620485797117
-16.1707766486148,-20.7162782876549
-15.8574736837242,-21.1909801426171
-16.796777716458,-21.7510231124688
-16.6107007220836,-22.0049088414409
-10.3671881854745,-21.9203506323427
-15.3134893345756,-22.9032751932773
-18.5706995972835,-23.2899958745571
-16.0818504625394,-26.4267601781909
-13.280711397999,-26.5143365504346
-9.29328229929406,-28.6085279063589
-11.6096066591247,-30.8278103151658
-12.6322676740717,-29.7375859148889
-13.5465594124404,-26.3574469728938
-13.0547460638706,-26.3949849189711
-9.90315920377795,-26.4010565453049
-10.7931358820252,-24.4833555450212
-12.1784181484817,-25.5632292377418
-14.3259005113191,-29.3290707190315
-18.0211796567309,-26.4128370433654
-10.7467638092637,-24.6289574851049
-14.1026565386273,-24.5939316087417
-15.6310714851257,-25.9978078308756
-16.6836950713868,-25.1148617778017
-13.3124245941632,-25.8044020108664
-10.4387316875609,-25.3724111866771
-12.7044755320649,-25.0095689423266
-17.8396832348873,-25.4212053957742
-22.1018691245434,-28.3642787945365
-22.6289370275913,-28.3003503965796
-10.7418454360172,-29.3101110380349
-17.1775395311747,-25.3180850473769
-17.1073600482879,-25.5252002583555
-17.650790217558,-25.0770920878811
-18.6933663884293,-26.1051398246638
-9.95242588304644,-26.0880511561055
-14.4177787844744,-24.7254919155859
-17.1713465028213,-25.6413016686281
-19.3089597110868,-27.1518128012649
-20.924920204122,-32.8801276977443
-10.5726956896848,-27.1873750783837
-16.7819247724532,-21.6686324737636
-17.8786865739722,-22.8850835600175
-17.6823097049179,-24.269856741395
-18.5838837322494,-24.6152300391949
-10.6986919266316,-25.0823022699125
-14.9307280314075,-24.3493957086693
-17.8696321709345,-24.4965840232893
-12.9714878871063,-26.5337768678165
-17.3796289807699,-29.0691624671443
-9.58019807524519,-30.661199606538
-12.2305710859101,-30.2386811040981
-11.92832998302,-29.695839263648
-14.0020128763874,-28.0421331958607
-13.7388339709921,-27.3765340017067
-9.63176066577073,-26.7371232824324
-11.6365695954664,-26.3337067484373
-12.9832990616758,-27.0282607267237
-15.7020560305678,-28.1920209097642
-17.2399809594145,-27.8036277054225
-9.43040261365376,-29.7312458158537
-15.2050950760514,-31.2697080013725
-18.4094627963357,-29.8145907240551
-19.934261017159,-28.7951845161524
-18.7884578281294,-29.144703178936
-9.67591144246334,-24.2995895197293
-13.4507897386386,-23.9974281316806
-14.7786669659362,-25.8855831187425
-14.8716534770272,-28.7345745033431
-16.481089437997,-30.2740236207554
-9.0482954175662,-24.9516450075452
-12.6368636544167,-24.0812347317097
-12.4184158448488,-26.5240670806867
-12.0919496846378,-18.448981628392
-11.3040455614487,-23.9674668546426
-10.9401346000848,-21.9468355239502
-14.207404004843,-21.3146257042221
-15.8799588533096,-23.7588208589891
-15.4247774988606,-26.3236641844329
-16.1100062624998,-24.8652417109225
-10.8977972766047,-19.1961515029163
-14.3540086109369,-19.8714755112965
-15.3833396761513,-21.0732711588371
-16.4713539064494,-22.7454278432135
-15.5371980645338,-22.9437401376362
-11.0610523869203,-25.154454628341
-16.4539240850429,-24.6096532128955
-16.8670053074513,-25.5783849082096
-16.9347786944048,-26.157015490999
-12.5998077165656,-26.6962404723305
-11.5153367044919,-23.7101010082085
-15.4083516940439,-23.7217401108025
-16.5450241820318,-26.8302155205349
-12.1203962443532,-26.8787502148337
-11.5646999577223,-27.1955900665491
-10.3836329440051,-27.4937833949805
-11.8650724006669,-27.7184217760856
-17.1396905734905,-27.8814143470492
-9.81401494706177,-28.7315709582092
-9.90502094435571,-27.4740216115695
-11.6990810890157,-27.1900168060216
-11.8281156255427,-27.4676947189403
-12.1164345771188,-29.1906199969061
-11.8382164553644,-29.4199527503972
-10.0169118501986,-28.746303368717
-11.8600156561872,-27.5542789816706
-12.39322352753,-27.3738161885551
-11.8784972255041,-27.5043019730479
-12.3342465367651,-27.0376078792743
-10.8796291056245,-20.7969745584736
-9.04354217852271,-18.143848341344
-10.0255238666789,-18.7710619409235
-11.2996640762212,-20.9752258815132
-11.0099513495285,-22.3732364362525
-11.3372699474592,-22.399088936982
-10.4830596109411,-21.6254592734401
-11.2638021825884,-23.6358501381913
-12.6432161693935,-25.3014466881715
-12.4284113422124,-25.0804612479668
-10.8721655759463,-21.7068355881721
-11.3353744074676,-19.6640994573934
-12.1972863397538,-21.9783056384015
-14.6812838638557,-22.7387455026302
-13.7681947437626,-23.8166759408273
-10.4252335468773,-24.5925844596784
-12.9565391476739,-25.5099528178667
-12.9591142668034,-25.7560001866813
-12.4732957184326,-24.6095312921926
-12.7663721200322,-21.786190458522
-10.1182135326848,-20.3668248769319
-13.5791186276836,-19.081707961601
-15.2843299568986,-20.3152958740829
-16.4129701865904,-20.1349732068049
-16.1475217085417,-19.2900730632622
-16.119763020583,-21.1935530251889
-15.9419780278344,-20.871426615396
-16.2518325651968,-21.9793505758335
-16.9366892506189,-22.0572344377391
-14.0632377753994,-20.4849114250656
-10.4606147370827,-22.596539993462
-16.8196076838655,-19.6712833948731
-18.0851714998026,-19.1824270226342
-17.9498426061608,-19.6008174725307
-18.0754988620676,-20.4109129110586
-10.5087324674412,-21.0135083077132
-17.5424225998757,-21.2370361136907
-17.2870925853516,-19.9453563693795
-17.5681932009289,-19.6477311340113
-17.9806312890861,-20.8901390722668
-10.156930374837,-16.5687726202541
-11.4643645924817,-17.4695333251604
-13.5797210750297,-18.2117024822232
-12.2975947132873,-19.5381318987388
-12.3724964022323,-21.1057144655156
-16.9805594241537,-22.0542169956932
-16.1918327725766,-22.5848988077161
-11.0507280526067,-25.3483220254595
-13.5642937753651,-24.724885479458
-14.5434170618227,-25.063927059071
-9.82685116562926,-20.3112657609728
-10.698661173465,-20.1172636451574
-12.5369475316545,-20.4732199687804
-12.9663604889965,-21.7559114261104
-13.6029148131651,-22.2429655222363
-8.88602635713586,-22.6665851257701
-11.6943737108582,-22.6221608216453
-13.0022163017772,-24.1763948885455
-15.6890247889093,-23.9259476433684
-18.1853685986742,-23.3904513653361
-9.41232251020926,-25.1071635791537
-11.4535267376391,-26.2331029333892
-11.3303530995534,-27.0579165812366
-11.672975594009,-26.4864433080084
-12.143220289617,-26.1418733544092
-9.42180812065065,-23.6790908777704
-11.6862373630428,-23.7424652020782
-13.4850787784783,-25.6804296957903
-13.0450341909661,-25.9621130987788
-13.4651368419446,-27.2896832119499
-9.83804487744215,-20.6585677455858
-12.9722163418632,-20.7615760709027
-13.1025945673273,-21.7677826995639
-10.9181306115385,-23.2353443429295
-11.2335889161783,-24.4399323467015
-10.0677072825489,-23.2754956339008
-13.6062982416139,-23.0070576470137
-16.3661558275334,-23.9366898047407
-16.7643590988723,-23.1798838452575
-17.314006064562,-22.9607634978502
-10.7865593855118,-24.4241810589329
-17.3808848704484,-23.62487700457
-17.0615540381222,-23.441484956204
-17.0750407292565,-24.0216740896799
-14.9733816802769,-24.3945402389121
-11.1195370300766,-22.7809991295891
-15.3656232085129,-22.1276418126482
-17.7032289858348,-25.1973511867702
-18.0754733866162,-25.6106540436126
-16.8221142488714,-27.1943154627091
-9.38512373305644,-21.1586270925032
-11.9360055396556,-21.6654242600589
-13.2678117196497,-22.5900406844251
-13.4980924535078,-23.0146060906859
-11.5496981010388,-24.1903150677946
-11.9207120534953,-23.4302686720737
-11.9592207627662,-23.8169145428241
-14.637857821892,-25.1618530288276
-16.2190667426777,-25.3508722513933
-13.4649360665799,-23.3804438193878
-10.4617431090367,-22.9661057813601
-12.8819309605622,-24.494033698468
-12.8302874430037,-24.9062151302819
-15.0747819120724,-25.951626725716
-11.5496129973173,-27.0530397433723
-12.4066284447794,-25.4949108693799
-15.5142787614526,-24.3488253263822
-18.269272180319,-26.7276490478175
-18.984836602864,-26.624151762467
-12.7518772616159,-24.2930289080089
-9.91248110476468,-21.0050159158943
-13.0268381001777,-21.343367569968
-12.6511088332195,-22.7055329815983
-13.3253769924752,-24.2024972466101
-14.1694314583942,-24.8345347618044
-12.1150694209393,-24.185388712748
-13.5315452235487,-24.8447081402978
-13.4278735171056,-27.2731422003998
-13.2876979544414,-26.8202850837
-12.9751402903048,-27.1326293334698
-10.067047747129,-28.0352920878176
-15.9057419991693,-26.0661680827759
-14.810357986648,-26.9673719955753
-14.8473320342508,-25.6869228595734
-9.16329048672238,-24.7118849907614
-10.1709312022593,-24.1426052123624
-9.98885700349988,-24.8146421619431
-11.8286565912507,-27.0939273547165
-12.5170609825212,-26.0864332866501
-9.77346496842378,-22.4429976011698
-11.3286805598026,-19.8552303862013
-13.0776989286961,-20.8038143405946
-14.363943326136,-21.5993092030417
-15.0008279841625,-23.4056557822727
-10.8112229461006,-21.9939071307307
-14.4504160808411,-21.118193696379
-16.2683931463036,-22.0337260749687
-18.1917891132951,-21.8453441149273
-12.5766273310481,-20.6514381715309
-10.70153373878,-21.8681865439255
-14.7169783645047,-21.6093653851208
-14.5312692368799,-20.309501048952
-14.0653801295596,-20.6384498004702
-11.6844909850137,-21.0295795695204
-10.1663181067035,-21.1167324180722
-12.6241186634982,-21.522189099251
-13.3426767788619,-21.4724823852102
-13.2535892893701,-20.3672043637722
-14.4168153247642,-21.8500571808683
-10.2824915554557,-22.1995464049723
-12.7655174597271,-22.3561646084559
-12.8368287216156,-21.8556570001703
-13.7422892786716,-20.6241034550133
-12.628435465505,-22.2733805370637
-10.4244569751123,-21.6425326254448
-13.3504366599395,-20.8503647308638
-17.4938549446235,-23.1539854620481
-13.4348077461329,-22.4077366152702
-14.9799330199762,-23.1740958897717
-10.4240077425374,-20.6412088093541
-10.6831006726765,-17.9022726217828
-10.7372724850889,-16.1740909919299
-12.0457774037616,-16.9459519349927
-16.6023416420079,-20.569152415592
-10.0240341469949,-19.6246276933031
-12.9381202161372,-19.0885407848737
-15.1294948495492,-19.6105458001855
-16.4775038121918,-22.2603400511543
-17.9580534679974,-23.5664101807704
-10.9913957641127,-24.3678634868906
-16.8046841241513,-22.7839402781746
-16.3202154448408,-22.8337231664629
-17.0536845010411,-22.7068949147199
-18.6688929185345,-22.0655159983888
-10.4286561723041,-20.5736989889996
-15.269238166542,-20.0989299820532
-17.8396043274214,-23.8797150457285
-12.829259716454,-24.7087506112546
-15.9974463257612,-24.9527926754374
-9.06124222361125,-24.9351512408072
-10.6118758303865,-25.1557587005781
-10.2800734481815,-24.8900539690183
-11.4516786251638,-24.3704666350506
-14.7567559128896,-24.4083423781289
-9.34991545961759,-21.2506852258952
-11.2821342679055,-21.9428718455382
-14.2715414582111,-23.714185139256
-16.7405270447298,-23.9281810061051
-18.7912289836567,-24.3120753980976
-9.18906177397003,-24.6698632184936
-16.4577793798079,-23.1712634200207
-18.1403120331604,-25.1546290704725
-14.6101276149633,-24.8022647770796
-16.1183601573159,-25.6485443357036
-9.43526463889962,-23.8288175314537
-11.736361479823,-21.8078594966491
-13.638660368755,-23.7105377887624
-13.9211768817421,-23.5337205993435
-15.2667541198817,-23.9899402687463
-8.96598902993296,-22.7022600653007
-15.4581915184858,-22.6765231579953
-16.7621521961106,-22.8182990013941
-15.4595996177397,-24.0299422260827
-13.1045729752301,-26.5056968793875
-10.7602462293043,-21.4233690585056
-12.5898615185847,-22.1823874239819
-13.7042829905335,-21.3105590549986
-14.2910321134545,-23.481177020583
-16.3572202107515,-24.4770907074659
-10.6155992543442,-23.2632284666986
-15.7325167655043,-22.6631380719203
-14.4125868413073,-23.6263557209358
-14.1114882359414,-23.56548683482
-12.3504241730617,-24.1811548085241
-12.7960030382303,-19.9502282921351
-16.0252944730493,-22.1968442475297
-18.3145879286581,-23.0427749393762
-12.9168556121438,-21.6617923209152
-17.598163251789,-22.3238988758914
-10.3277756953134,-20.4955993350086
-15.6677550440118,-21.0286919580296
-16.9807272915755,-20.8774118828169
-13.3086624271871,-21.6456552998638
-10.1096171211544,-23.0198415808305
-10.8135076501659,-21.1284588958485
-13.7674247902031,-20.0662802596639
-12.3328284442848,-20.423218779241
-15.9831915265615,-20.5487396441573
-14.1634468200671,-22.4320139586324
-10.63339209144,-23.3403642285092
-13.4009784238906,-24.5026089684271
-13.7495410748888,-25.7591879628134
-11.7950258319527,-24.933801178661
-9.75756462742419,-23.7179131590152
-13.2408662715518,-21.0182714565134
-16.9407341902528,-22.4249878235141
-16.915111483538,-24.2390175077466
-12.441969121303,-23.0257883776891
-13.4389965562287,-22.3790103353719
-10.0617708225242,-17.6793393171231
-11.8621689856635,-17.0482047795562
-12.6170230865124,-17.2757513561379
-14.9882944371201,-21.3498805027025
-10.9804426666558,-21.0359203753667
-12.7752205895446,-19.102044618473
-14.154349818355,-19.8525124472197
-15.9334247580056,-21.2133895774287
-16.9057560753095,-22.5844561472407
-12.2555167065817,-23.5970675183526
-13.8528908178958,-23.5986844355398
-16.9765234356357,-24.0935135436368
-17.1636734757958,-22.8567562114212
-19.5337387041662,-21.1178445736904
-10.6713158915399,-22.3147527238958
-14.1031639526814,-20.559944147266
-17.5315667873626,-23.0533419063422
-17.6438121711427,-24.3475923880609
-12.088181297583,-24.06485482593
-10.841937210469,-24.6509583250965
-12.5280431746327,-23.0657936368781
-14.9870699844369,-22.702055285951
-14.4573041313657,-23.6074358328819
-14.7802899927348,-25.9322478309682
-9.53134404827326,-24.2922947673823
-10.7523013597007,-22.0870431697448
-11.1653473266588,-23.41329627175
-16.351338120861,-24.6217081098964
-18.1012948811013,-23.3563880891496
-9.62092565637649,-25.4198725569697
-14.4374215277333,-23.3779866817752
-16.4550812935709,-23.0388931774289
-16.1622319091529,-23.4967585783285
-17.3488198428094,-24.4653377649187
-10.2696148008484,-23.9355130010013
-12.4175594236479,-20.0322081511767
-12.4179448259275,-22.8306077779931
-14.8732042794341,-24.4808523170879
-14.3785789683167,-24.8403487692529
-10.0401319825788,-25.0995656828126
-11.3750944546986,-23.5949451860617
-16.4180054571806,-24.0022216583383
-16.8204950374796,-25.248365982447
-16.9345038774389,-26.2341436663691
-10.4291560138138,-24.5470893534413
-12.5679868408275,-22.0744148183855
-14.23592795069,-21.7118891850667
-14.2720277502509,-24.4737025484236
-15.8839043637167,-26.1303980744761
-10.4433072446025,-25.5866266627062
-15.1681048255928,-24.8957955664246
-17.6508703588886,-24.4853144460128
-17.4306000314077,-25.5889325222298
-16.3508885354638,-24.4911440173864
-10.7314325931677,-21.5679863991887
-14.062835963751,-21.7194212151059
-16.7903639832383,-23.3966226983894
-13.5455623192223,-22.7703597434042
-13.4805613180587,-22.0604296314589
-9.21847111109132,-23.5524205797928
-11.2345873598383,-22.9603608763107
-12.8982565610592,-21.6875500677748
-14.1113870025536,-22.4940776926721
-15.5955857283531,-23.0364406949956
-9.61922431783942,-21.9397420147513
-11.2531688466598,-20.1432492477646
-13.6289996821546,-20.5218252070672
-13.8763123026838,-22.6540861912344
-14.0950990817299,-26.033957994829
-10.4877670019867,-23.223174133142
-13.6837330129506,-23.4133851976955
-13.889143924297,-23.5620428920963
-13.291808873203,-24.0438225979718
-12.0851121674229,-24.4953240906467
-10.5912080918728,-21.7987153053318
-14.1097926814985,-21.4974626087685
-18.2888372392319,-22.602887470785
-13.514857594576,-20.9391645719716
-15.7811209642196,-23.685768717729
-9.78984025661823,-20.0388442666157
-12.0330754024156,-18.435394280834
-12.4820394524871,-17.8819961051866
-14.215681634848,-19.2341478397319
-15.1319948367128,-22.0500174886174
-10.5719402150702,-19.7678590265654
-13.8449693058587,-20.6137135433438
-14.3213230478836,-19.9585765695272
-15.5445240973462,-22.5443956746998
-16.8344915138721,-21.9465774006951
-10.7494144348979,-21.7900503296475
-14.7715853523567,-20.3189773632534
-15.3229118136763,-20.3412128023478
-17.2044854628492,-22.5349553308883
-12.7226266100478,-23.635690107866
-13.9411794274626,-23.408832514271
-18.1697569756662,-22.6930646701964
-21.3608265145057,-25.8333275141392
-13.7118779222357,-26.2763126965891
-21.7284576129867,-26.3377323133125
-8.69387696803842,-28.9040291301822
-11.9964935207217,-28.7308130518282
-12.8738263659278,-26.9156029324507
-11.7002290593962,-22.6150156758541
-13.5740147542602,-20.4557699036855
-8.46423950981648,-24.3966627444289
-10.3453560222894,-24.1227854245736
-13.1132394143806,-24.0298582067508
-19.128495186289,-24.8692891843706
-19.023731968376,-26.3775575994961
-8.19842172834074,-21.175164175064
-11.6230575268782,-20.8526107715287
-13.6340799036044,-21.9640470144519
-12.7247728921619,-22.6632039481511
-14.9460381597628,-24.1307850588101
-11.5388851503052,-25.7128493646043
-12.837023462219,-25.4119862490834
-13.7117682744074,-26.9096023493097
-14.0717794179367,-27.4472222667164
-13.4359073859213,-25.6013659555971
-8.21124949667054,-21.4377727000865
-12.2592376664839,-21.5233520569636
-14.3594790577576,-21.8661324946788
-15.4056621063198,-21.7041464048079
-11.8082309551339,-21.7683151556406
-10.5787801682071,-21.613199015666
-13.7198262536736,-21.3913117710149
-13.3043673077294,-24.1128904123968
-12.655265785419,-26.5972673312111
-11.2945546390339,-25.026518067524
-10.1222653696305,-20.784889207845
-13.0043912656209,-22.1386778499457
-15.3972969689285,-22.7387792594491
-13.509716018868,-24.6784982858749
-11.0461242247996,-25.2004223646382
-11.5105432849974,-21.8429063520289
-13.6938374696529,-24.1136388560311
-15.4146198114972,-26.622627275961
-13.1166106642806,-24.2717509109778
-11.5611630551928,-24.2956434243669
-13.6442896119048,-23.1341414918799
-16.8915917006309,-22.05991536192
-16.9742705404375,-22.1015312940597
-17.6256000941971,-22.4173950627425
-10.6793552397944,-23.1846553633384
-12.9657802104811,-19.8254735211172
-15.3049791547793,-20.580680434632
-15.8419224572992,-21.4230983826811
-17.0747066820782,-21.7518981636566
-11.1830798030161,-21.1617656667887
-15.7625735681034,-22.8325258365039
-17.7425450797327,-21.2943078422619
-17.2072810582937,-19.6959827348435
-18.3858203685262,-23.3408271297427
-10.968801722917,-22.6976523253153
-15.5875838717669,-21.4175279943777
-20.2452471374012,-24.2090292573162
-20.7935130663375,-24.3847237281049
-13.5463393468384,-22.9666883941629
-11.0370715068016,-23.1386895518438
-15.1763663258654,-21.5699613703048
-15.8647725536406,-22.1724864735868
-16.7973528103709,-22.7036029405218
-16.3792168419271,-24.2639899225014
-10.3575354862352,-21.8115744813292
-12.7434378087432,-19.8040662282834
-14.4856665197636,-21.0575980128381
-16.57078830398,-23.0004497012076
-17.2552212965978,-20.9776721908607
-10.7996571856173,-22.5177523905311
-15.9663191814916,-23.1274385965803
-17.3722446555831,-23.2274652475845
-18.4226648084577,-25.7557692678737
-19.5934030090668,-23.9386334606541
-10.5809284825135,-20.4253948673214
-16.224476625863,-20.2735377774568
-20.7333982557661,-21.3655867024761
-14.9604507638177,-23.6513842028304
-14.8421073174292,-22.8640621782683
-10.6636292285756,-23.8074649016539
-16.5383404729718,-24.4518431225258
-17.3423930499238,-23.4606878462533
-16.9065054352163,-23.5140652886228
-17.4915664960573,-23.5574115007601
-10.1730052665831,-23.0686828395086
-13.975146237916,-22.0537730184935
-16.198767015643,-21.9740502877722
-16.5644353148188,-23.4460106486626
-17.6739286991148,-23.2464978122204
-11.4227808951773,-23.0259247039243
-16.6237218588641,-22.7944931982117
-17.8202921045544,-23.8491719956329
-18.5448048098371,-23.6435847661205
-19.5516692718813,-23.1467181960457
-9.86922613725618,-20.5624883155437
-14.0839286786916,-20.1517127567731
-15.8570806347386,-21.4175332877581
-14.7271751017826,-22.1684894950115
-17.8395325705281,-23.4485720535322
-10.4910355891748,-25.2561099926516
-16.5476841622991,-24.8653612355499
-17.6909052155321,-24.6294617086463
-10.2386032665401,-24.790919308832
-15.5671371452166,-24.0034935849933
-10.791817021835,-21.9321161059142
-13.4400705805361,-21.792229369134
-15.3415906029722,-23.9425351547347
-16.6680987492942,-26.3397885562069
-17.8883618741429,-27.2144325722871
-9.8913929898332,-19.6212403591844
-13.201963132646,-20.2627874452906
-15.7749636422509,-21.4548519873985
-16.9227522414738,-23.2665417384861
-16.3304211145442,-23.9566686727226
-10.5960375846005,-23.2147785395361
-14.8784523669327,-23.4650784052441
-17.4602535857728,-23.001046541468
-12.9179146201519,-23.7808035380485
-17.49240815513,-26.0554795458273
-9.82940128148019,-24.1324230779763
-12.5737593036269,-25.2661243245092
-14.8132936066286,-25.4461700576277
-13.3621687411529,-26.8953994582235
-11.1006123454277,-28.3954241299938
-9.64620065256432,-23.7904231332086
-10.9468441789995,-21.816506377008
-11.9806469559406,-24.1934524858128
-14.04067050464,-25.0840831599583
-13.9672627378973,-24.3882334252538
-9.0207863604474,-25.0145639503402
-10.8385774735665,-25.7253503763878
-11.3550563109332,-24.6212861681172
-12.103647042961,-23.973482190394
-10.883249948671,-24.9620346491923
-11.3596774248459,-22.4719467271993
-13.8354083066311,-23.9694823604823
-16.5761203839851,-24.1762941170127
-17.1976861920685,-22.834001397031
-15.9879422706587,-22.507023821908
-10.9658978556955,-25.4873330245967
-16.7803785502083,-25.7517470958242
-17.1290203800397,-26.265492586702
-17.420409372733,-25.5377846770217
-14.1519956066701,-25.1204405888709
-10.5700601326973,-20.8275719702056
-13.5265438168884,-21.5748455418704
-14.6944003427002,-22.8233644857315
-15.3105391304386,-23.7196061135087
-13.480127213461,-22.8349833930255
-11.2579770188037,-23.0284166866011
-17.2759101659759,-23.0388096175502
-17.5781085228059,-25.9091079067093
-18.5310391362252,-24.7603145648306
-11.8714335701275,-24.6927427466419
-13.8066141508268,-23.689185764069
-18.121231124694,-23.59726453924
-20.2841358527186,-25.7891400982255
-12.1347907992158,-25.4273413660274
-11.5669812460903,-26.7038096094293
-10.1634175668328,-30.0105148474984
-9.85042520737565,-29.8967598510431
-12.8297634407066,-29.3986905041974
-14.3389163706046,-27.1541537828042
-11.7714246936671,-26.222625747322
-11.9315276833632,-23.9248074247022
-15.1117635363559,-24.6815975368825
-17.687259225693,-27.7194655342991
-16.1730917627605,-28.6234373326979
-10.9162654864463,-31.3820943216967
-13.5377050607379,-31.1914926843512
-15.8731027761888,-30.489966332267
-17.6747590289854,-32.3570321256575
-16.8752247074783,-31.9199072762485
-11.2073689861631,-28.3473651062562
-10.6520339196412,-22.1963950466851
-12.4961581999266,-24.5163780971208
-14.9879769538535,-25.4923485067154
-14.5629814837553,-25.4906798806009
-10.612207487364,-26.1814318469493
-14.4062485586848,-25.9479515546254
-14.9537233700992,-26.6644180268794
-15.7494226958615,-26.987306809227
-17.5610713887437,-28.801616323705
-10.8850469820241,-24.4921396039869
-13.3621012953943,-21.4281673958534
-15.6264736919619,-22.0921535084949
-18.9157061417752,-23.4131320185005
-18.2661428151787,-25.6018331496403
-10.5470558608944,-24.4993802746497
-16.5241261076553,-21.0131293856011
-15.8742996026884,-21.0115571788494
-16.1453262522753,-23.0432677848691
-15.6131087133772,-23.7629587259822
-10.2995121135539,-23.541133173255
-14.3074873244984,-22.1526503486104
-15.6778211213172,-23.0124041070015
-13.4208875288209,-24.5500716580352
-13.8771602862011,-24.9566134149452
-9.99682031838935,-27.7573112385893
-11.4139304681932,-25.7677644869445
-12.5573900104808,-24.728338822334
-14.1262262872057,-24.4953220151304
-10.0810846930664,-26.6382942664384
-9.157574610572,-24.3781807398456
-11.462250840278,-23.1513672324686
-9.9995830661908,-24.4554479493073
-10.0365175504042,-25.1239439748629
-11.6829646992637,-25.4937029140529
-10.3675809747959,-24.5107665727054
-13.2524192907246,-23.9427601625033
-14.6866348784882,-22.9149110695225
-15.7097432033789,-22.3562067409488
-12.1087569722339,-23.9124508269991
-10.2879496439207,-22.5353034035812
-12.0407080643563,-22.6931392377551
-12.8764848074592,-23.9239690333287
-12.2778656551128,-26.0296388888893
-12.8416728768278,-26.1122998426763
-10.3273384329378,-25.2267420479785
-16.3818870983052,-26.1899902212054
-16.9005739919216,-25.3648377937325
-15.7325048343958,-25.3335273489178
-16.5329786048671,-25.2019294680117
-9.71860240354651,-21.3220256731846
-12.0785263026475,-20.6535938542002
-13.0267545017612,-21.7003741686312
-14.1162852051143,-22.8205434239
-14.5555115538137,-22.4570947720252
-10.4286509609018,-21.2269977540066
-15.5274025097558,-19.8632497026361
-16.7157266715493,-21.5331279479883
-16.0392297412084,-23.0390207045481
-16.9448022511324,-23.2444998838067
-9.15296734205708,-22.4629372838673
-12.2138177897321,-23.1441611922572
-18.0037852073059,-24.0799770103968
-12.1525993183109,-25.6684035245717
-13.8027155408897,-25.2603549484983
-9.27932305756392,-26.9783844464897
-12.3374745212143,-27.8056145062092
-11.6162979212699,-26.9223405994452
-14.7393683614482,-26.9325808404224
-17.0980901998712,-26.9589769657777
-11.0900389311046,-24.7341744154583
-14.6535292551469,-24.7684613311137
-17.4386543088394,-26.5844352981742
-15.7790948731641,-29.6125043564669
-17.3879266227404,-29.4832226449856
-8.30210406159025,-30.852021990016
-11.7554983802455,-31.3293733506782
-17.5682455971717,-30.6553116834803
-15.3624155367176,-30.1409177867577
-14.8933650250346,-32.4818092286067
-9.66779727208704,-23.7043079628101
-12.2525807518197,-22.6260738463143
-13.6310998598259,-24.6732796342295
-16.9822775530831,-26.7769756105592
-17.8035242879399,-28.3116483059998
-10.2964088161392,-23.4637210346972
-17.2711839449204,-25.1943046333219
-18.1945223393151,-26.5003458892153
-19.1583191863066,-26.4937139030231
-18.1183319545063,-26.4491614401024
-9.62333279628966,-22.3638444665145
-14.3551802190148,-21.962253388235
-18.1131490679925,-25.1776022850261
-18.3062054507943,-25.4962290837713
-18.2759559293603,-24.6362721700773
-10.2243165525526,-22.3093446092318
-15.6329604891786,-21.3818909924517
-16.6788736521694,-22.3605800855315
-17.4481086983756,-24.8161848306509
-17.339962647082,-25.8758355740473
-10.7222796632021,-22.7465323783578
-17.30278365455,-24.1835803265108
-21.4131892962798,-27.2309755263085
-11.9213192889585,-27.0737290452272
-13.964568794197,-29.5739257895587
-8.83239802372833,-31.3253582875797
-10.6068846043006,-28.1942311879589
-12.3987590212438,-27.192661794419
-11.3812264757842,-28.7635766222257
-10.9835505332665,-27.5391047439226
-9.26109628384996,-24.9032707017112
-10.133168216408,-26.0438706203337
-13.0499531044497,-27.2338965469832
-17.9093366697541,-27.8569473095178
-12.3523880367434,-26.6736692556854
-13.4633137510116,-23.8116322423185
-14.771137439178,-23.9255049192922
-15.3022292595942,-23.9378430336979
-12.1462018808491,-25.2058971474399
-10.6116848399983,-24.9046616084247
-11.445573628504,-23.0430909428728
-17.4980554244411,-24.9026001011322
-20.8964782157923,-27.9252599885647
-23.1180930507541,-27.5806217501748
-11.5685156770466,-29.3657353622158
-14.338485000228,-23.8217032338428
-16.31604794399,-23.4026729245929
-17.1755927034403,-23.9167256833303
-16.4666799717021,-23.8368049186638
-10.805787690083,-24.2276726778337
-12.5954520683048,-21.7417783750817
-16.7824482610987,-24.8263879958294
-18.9879630390094,-27.7709517031247
-20.7292377385013,-30.5754601518627
-11.5336923255644,-28.4998463166759
-14.9329221987862,-21.0484450119358
-18.1021329872652,-21.9321853618747
-18.8783436468858,-24.6509811246502
-18.4736961524954,-26.1983021587349
-10.6212089396461,-24.8855058025244
-14.4766992899822,-22.0727595199672
-20.3446445252746,-23.5009452420229
-20.1254966372864,-24.6297059984458
-13.1727482466113,-25.5727909123445
-10.6195515559631,-26.3781621899258
-13.1950443975751,-28.9494579378903
-16.33295034932,-27.2280978650485
-14.3513252442438,-27.5229668481794
-15.8353616656804,-27.3207898624502
-9.47256352430386,-24.5112804080036
-11.7890813356552,-24.0509189322406
-12.7026893586492,-26.2207180724194
-15.7875713311191,-28.5043190840169
-14.2006902615802,-29.3952734857951
-10.8008078553685,-27.9572260561161
-12.122374987423,-30.0634877191343
-11.3582121825337,-31.9195958142212
-11.3979824021705,-32.6135647020413
-11.0845060925165,-32.4820956349917
-9.20440396462671,-24.475225038242
-10.4683482379706,-23.1156425539987
-11.3900234603711,-25.207281046201
-15.578440113737,-24.8842438451118
-13.9128409581324,-25.0838242702803
-9.57244743463638,-24.7480960997541
-11.2046506457082,-24.264922504246
-10.9188234658811,-25.4576662037205
-11.0350416056727,-26.1658033343801
-10.6324408998855,-26.6009587483791
-9.78067366844402,-24.0725603325917
-14.1079169629791,-21.132774798735
-15.7867798672748,-22.7591619189596
-17.2033972643107,-26.115255972094
-17.8852275296048,-27.2686247467906
-10.5384813817359,-24.4986094605139
-14.0081552779157,-22.1237493627352
-13.8579352586344,-22.850040370587
-15.3280065084895,-22.7389001650248
-15.9131892103414,-23.3925500752593
-10.3273575456561,-22.5036463126843
-14.1003210000264,-22.1496854112676
-14.887905277466,-22.7465642688795
-11.8014758286244,-23.649602966411
-13.5781472638457,-24.1231392949577
-8.78207813868706,-25.5187629347185
-10.8122193068396,-23.5652107086248
-11.2813439981307,-23.52559486563
-11.8595416021327,-23.9958178912321
-11.7628618117013,-23.9956057416433
-8.47721034506262,-23.7370300184731
-11.3776280615017,-21.7371351739149
-10.7981157886327,-22.7893588467149
-11.6224777544862,-22.6041457533018
-13.054408679596,-19.8748333709188
-9.61775012917715,-19.9705422702905
-12.0381721087176,-20.9309958274079
-12.6712508689254,-22.7448894542343
-12.5845009490268,-20.977914793929
-10.7275396715591,-22.8989855101092
-9.3164054212642,-22.1976601958183
-10.840523397127,-22.6945295233001
-13.4211654786589,-22.6200800242271
-14.9844687680081,-22.0720603931633
-15.9472877411637,-22.3317333699838
-10.5761406505332,-24.0567028691544
-15.6019246298178,-23.9816594883853
-15.9804945762091,-23.3169546089459
-14.7452068721733,-22.299211586089
-14.4166693004947,-23.14286078109
-8.81316954827326,-19.3996890933666
-11.8159602252371,-19.4876776311553
-13.3904807217297,-20.2183560216702
-13.0056525303076,-19.6979549175893
-14.0098492445051,-19.0082253813456
-10.6167706812117,-22.1896771421904
-15.5960333559801,-20.9924798995173
-15.6257806300092,-23.9543553438413
-16.4880668970979,-24.5353350323779
-15.5429256714951,-24.3091722026715
-10.613679855976,-21.3743977058757
-16.2000689782237,-21.9028111999539
-18.5168502226947,-22.7121996594334
-12.6216138373397,-24.9802350034644
-14.4579347297975,-25.4727576242223
-9.42587868090497,-28.1268776187797
-11.0118879291268,-26.4484103144406
-11.6380592520354,-25.8946244470451
-14.2785530291245,-25.8908389786344
-12.9462337580313,-26.5461980631993
-8.97905816791974,-22.7069931671175
-10.5386391411353,-25.3012159037121
-11.0962898786357,-26.4672973106659
-14.5396187207687,-27.2929500231483
-12.0619276857931,-27.4482415705264
-10.0991516897599,-31.0623178298539
-14.2566987094285,-31.4240480615695
-16.241446388861,-30.1566389294753
-17.4129247955306,-32.2902914586045
-15.6156896512496,-29.2499808036334
-9.80324138717555,-22.2931587558321
-13.4382997294615,-23.5258976183185
-13.8095360972709,-25.697159051122
-14.0498602491866,-26.6453625392396
-11.3090429084574,-26.6345841864703
-10.4976351968412,-23.3073213241697
-12.3288751868628,-25.0991428754888
-12.0810735147105,-25.9426807861316
-15.0711567277191,-27.269423639661
-11.3719356362874,-26.6384957746081
-11.6926119496524,-20.7353876922223
-10.527107951806,-20.2839422540391
-13.0276806269183,-23.3452712064048
-14.6538453562841,-23.1214925707001
-11.293339195774,-21.3478272179434
-13.2147080916584,-20.5206836749793
-15.3742574176635,-21.5662209084153
-15.9190079106174,-22.0075206340701
-16.6676481360319,-23.700281798511
-10.7862781523497,-25.4883488634522
-13.7375683304667,-26.1622882398843
-16.2883951401171,-25.6324402814504
-16.7958393747432,-26.8599598068671
-18.0993598895316,-27.589436467549
-10.5819043647704,-26.1369196906724
-13.1385861047892,-24.2858203535522
-15.3367979800276,-23.39884904197
-13.3801950194311,-28.2434468448699
-10.6284939881578,-28.6248986229953
-14.2929518097869,-26.7456937077674
-13.9672121993518,-27.2649536596458
-13.7108034304167,-28.2069159568594
-14.4037369575815,-27.1306402635247
-9.97854489952412,-28.2578887534719
-8.20173018756079,-29.528051129021
-9.94824432635837,-29.2469571657253
-8.97831351461043,-28.3154363372024
-9.83379965458206,-26.898201688992
-10.4773609279936,-28.1565218372901
-8.00052556745449,-28.5933888391725
-10.0087734179709,-25.2370883744693
-10.0573093284491,-27.4100164732717
-10.5737727701218,-27.3623885238227
-12.7252367817439,-29.6778278741313
-9.01627843733093,-18.2826581645442
-9.92128406353413,-19.4146791151809
-10.8948339141264,-19.9575094451491
-10.5751717158705,-23.6973440768649
-11.2971185947613,-23.394841026971
-11.9058789313224,-24.0692791053603
-13.8186806403889,-22.7070863189444
-14.477831120726,-24.2010340061773
-12.5236325053744,-24.1027867337331
-16.2083163917731,-25.643716166392
-10.3398096359224,-21.0398592041552
-13.6978657736818,-20.8584101949054
-14.6681159820715,-21.7761845508117
-14.6710774702119,-22.6795187531824
-15.7100466831544,-24.0929414849344
-10.6143013333024,-24.3391618838115
-14.0619058496497,-23.8830118902775
-14.9645239956479,-23.5127056780713
-14.7665778430338,-21.5671622457829
-15.8635969144431,-19.7395838002155
-9.7675520087736,-20.7453135410007
-13.8237278327892,-20.0099639482254
-15.8663589942268,-21.1846166583123
-17.0820876714263,-22.2850532560104
-16.6738602751971,-20.875814927618
-15.3682095882386,-22.9078564184449
-15.6468726666376,-23.6032785860706
-17.0726877953008,-24.7175109094649
-14.5501435169163,-24.4693893851152
-17.1228667171522,-22.9282182452964
-10.266437931267,-23.0042076601227
-15.0683318480235,-20.9562188146269
-14.7007975908159,-21.7275655069062
-14.5525502813527,-21.2049598174189
-16.5164208395353,-20.3402822787513
-10.3589388376425,-22.4339685564081
-14.3881717351025,-22.3529322944134
-14.8222067082089,-22.8037753717514
-14.3377806495739,-21.8569381965105
-15.1230740850565,-21.7367591932115
-8.4000748990476,-16.9524195858559
-10.9061474718003,-18.0726285503465
-12.9053354123666,-17.9713735811621
-9.82098590519645,-20.0037896794667
-10.7936650144732,-21.515603119943
-14.9426736412829,-20.9969348880697
-11.7442884003305,-20.8353506408432
-10.3150040253073,-21.8744112220399
-9.66155742827863,-21.1320380689884
-12.4144719335527,-23.0999485556908
-9.26158523418571,-18.3888288248063
-11.1571883912672,-17.7513668538515
-10.6443060808857,-19.6205079718406
-11.8041980184138,-20.4652155749093
-10.9286892745865,-21.1333338004001
-10.5497779707457,-20.1900044741922
-12.7255914653104,-21.2216427394116
-11.1551175526145,-21.6509091344983
-11.849018971199,-22.5394410511641
-14.008205385943,-21.3826961475628
-8.77830257544934,-21.5713705260244
-11.8256798575538,-21.0349920607678
-11.3477056016267,-22.0949556753021
-11.4627131149948,-21.5345885567435
-9.36722239935643,-21.7986666655966
-9.86497166701167,-22.7475292240341
-11.2590940573637,-21.5813636825074
-13.3263198282411,-21.9696701193723
-10.6789657272204,-22.8521730744966
-10.675962210506,-22.1338549016387
-9.53465498733113,-19.5441413399084
-11.2417001805761,-20.9440479206425
-11.4934583785143,-20.9542133512645
-12.1794885773681,-20.0548399004696
-11.6243516913951,-20.8845797167033
-10.1032981919642,-22.162303980213
-13.7348549809644,-22.2412271201114
-14.1422585047548,-21.14715044233
-14.6998929117842,-21.5990630599161
-13.7815985183415,-21.4487453177798
-12.2551720812059,-24.1902537346798
-15.3291594223245,-23.9891689754705
-15.8058537212467,-24.4224785691685
-15.647101435134,-24.4927103127819
-11.4995234055591,-24.3195893181898
-13.3454333112877,-23.2013888105491
-14.9323420205206,-23.8058411665271
-17.5921212810588,-25.2866066902979
-15.3468525596993,-26.2807453816343
-12.3266223271266,-23.858630200263
-9.37634629774019,-21.6917155220174
-13.5087349186179,-21.0201054170374
-14.516958131839,-21.0703340469481
-13.4199811159143,-21.6347879478651
-9.61997313828588,-22.8776721138368
-12.0958976787832,-23.1778268266511
-11.9027381966345,-23.6450413578437
-10.8401816307653,-26.7271120634949
-10.7922668782826,-26.8562534317334
-11.4521893625787,-25.7035248058748
-11.7899066600732,-23.5737182683694
-13.1877079529716,-25.1008681697552
-13.3878618092982,-25.046211426713
-17.6544252422773,-25.2724885024007
-10.6973041102664,-24.927291749175
-13.534217235777,-23.7544252755437
-15.4114593479347,-23.5573806152564
-16.0984686261808,-25.6762447608502
-15.9253066564915,-26.7311604604652
-10.2853171538141,-23.4496362552093
-9.15409335930004,-20.001688934228
-13.5047577137674,-20.1442113016811
-13.7468200723037,-21.2288918118566
-11.5987120128598,-22.7719115991264
-12.6753988678432,-23.2520060323309
-11.501632282152,-23.0650461989278
-12.674853799149,-23.2431728132707
-11.7876965674765,-25.8043855935653
-14.9554573499158,-25.7271762780327
-11.1673192905094,-23.7471750987739
-13.2892939883131,-25.1205768374247
-12.9333224278249,-24.5486189653593
-11.2564737775798,-22.7693116359883
-10.8754796584169,-24.5024803494586
-9.39056660072007,-24.0218061304943
-12.9263093722513,-22.775278441133
-13.7275777591825,-22.138052860318
-13.3030814971149,-23.8731076611335
-13.8414178403781,-24.9236640896101
-10.0308254670101,-22.1765034502642
-12.7173306733231,-19.3442372766237
-14.3679371224626,-20.9597658263421
-14.6256963717139,-21.4226498610133
-16.1097920938941,-21.8827375511053
-11.0739998461769,-21.0059740392897
-15.1822340231297,-21.9180673920902
-17.09203306729,-23.7700519051016
-13.0219081302888,-21.6281325601869
-14.177563491311,-21.1277322975404
-11.3037286843905,-20.8538323295454
-15.9048804414232,-21.4580533387778
-16.1066709922076,-22.6930376315891
-14.8328153131877,-22.9476680761205
-11.9326013724744,-22.9888424651435
-9.39010865966438,-21.7717093991966
-12.5541689229417,-20.4828991449545
-13.3348725647211,-21.8508525030457
-14.2747841607409,-21.0726923345827
-15.1272130400691,-22.284974813254
-10.5438934014701,-24.0997641447024
-12.607814188963,-23.7548339344753
-13.3505851809109,-22.4696600742984
-14.5937365512451,-22.7324882896719
-13.1994330853314,-23.7911686197196
-10.9050800734757,-21.1671427357119
-15.0361237436979,-21.326639483782
-18.2640442072589,-21.9767646256253
-12.9353957199855,-21.0935675238312
-16.8055965526122,-22.0080636750327
-10.126048770763,-18.7357602846198
-10.6970860622735,-18.9192644393463
-11.8080164687167,-15.7989561512736
-12.3376795466619,-19.0344325413819
-15.5674662281308,-20.5891230110531
-10.9435002591243,-20.0327599496715
-13.5437461805488,-19.1997128098922
-14.4378405085483,-20.4489070784266
-16.1792716867242,-21.9844813045822
-17.5888241255126,-22.3036424967074
-10.0880150876463,-22.7640706710443
-15.629332450252,-22.444312655697
-15.9296010846698,-23.2321008241571
-16.5238011146845,-24.1842888902251
-13.6225114090804,-23.9949461443318
-11.5892607982708,-19.2585876779772
-15.794541599937,-21.2066483346649
-16.7333457871668,-22.3536007782084
-12.0290701702191,-22.1188501156584
-14.5720544777319,-22.2139930913849
-8.69447079886082,-24.5288479771917
-10.7166301377124,-25.2451602172494
-10.6274513253046,-24.7066323953347
-11.7297950326549,-24.7097568583934
-11.1656826176536,-26.0853638219446
-10.5465029248764,-22.4916785465677
-11.4198522916085,-22.5447792815991
-13.0555001613494,-24.347276427948
-17.2132467888231,-26.2928153216529
-15.6501539492309,-26.3056536118382
-9.45600935727084,-24.1176401184808
-17.3255243113526,-22.4369041890437
-16.9293704454267,-21.7452887374681
-15.7160786398618,-23.5725957637575
-11.9416538376083,-25.7542318504082
-11.1573451669242,-23.4214839123905
-11.8615484396044,-22.5952560372279
-13.735386332587,-24.1516137364192
-13.3126571896867,-25.4479804516437
-15.0239816845483,-25.7982148607991
-8.63704279071998,-23.4717708820132
-16.0761813693547,-22.5274470701314
-16.7686239787473,-24.7704518638682
-15.9468750074837,-25.0701169779053
-11.1283731045827,-25.928442823911
-10.8274248368781,-21.1982886446793
-12.5438456099265,-21.4306915983448
-13.7616437862351,-21.9334703826508
-14.7888413672447,-21.6030500135353
-13.2162340121577,-24.0896867960601
-12.0329435360682,-25.1094585732568
-15.3951366868624,-23.1507054337719
-14.3986008419535,-22.4474452204476
-15.3636144203989,-24.3564254404045
-10.7354255099338,-22.7515534193121
-13.9456908679774,-20.214088095032
-17.1239634898621,-21.9495310340215
-18.00535484554,-24.0889157258045
-12.4635958068436,-22.3140865804699
-11.873635291876,-21.9418527648179
-13.3330606730994,-21.2326377851762
-15.4962882450595,-22.0299436980139
-16.0367790475324,-21.8052188302283
-11.9057186443315,-21.984436283342
-9.98901478234317,-22.2649349176279
-12.2574112125746,-21.1785504104606
-13.5899178761722,-21.497376041606
-14.321701577626,-21.3101741199391
-15.4013744107539,-21.0221562795349
-11.0008196599065,-21.3957233600124
-12.1374024545249,-24.8259917110264
-13.3056698614179,-23.9741151626213
-12.973386577523,-23.3893085462222
-11.8699543960161,-24.4156230788745
-10.0684584003615,-22.6195288734484
-13.9510153851712,-20.2018324353072
-17.0460244483683,-22.0905593364714
-17.0073080674128,-21.3245859163578
-12.5300593328646,-22.5662363360446
-11.1615662286687,-22.8886888109054
-10.8671841183285,-16.8489378876336
-11.1440570930707,-18.0235800660665
-12.9130424533839,-16.0046217496732
-14.9211318204994,-20.7302337920509
-11.0399573009739,-20.5947501690743
-12.6654096271076,-19.6342937150292
-13.7423314136187,-20.9389872522262
-14.8620094447991,-22.5250898050036
-15.9140428169655,-23.6691032001246
-10.6963401597949,-24.583583017438
-13.5627159595722,-22.7537510963395
-15.6439930503646,-23.8792806229651
-15.474581050945,-24.5642247568138
-17.5469519840868,-22.342881502358
-10.5820616012616,-21.7503231060724
-14.7914552571447,-21.6296736702843
-17.5953128320814,-22.657042020432
-14.9542144999467,-23.1525946456089
-12.582897647426,-22.4646681136873
-9.97107632870827,-24.1011454709965
-12.3138659727129,-23.5555681930661
-14.0995008509172,-24.2665456520424
-14.1264550009497,-24.7962332515121
-14.2317882889304,-27.3572207706232
-9.11533236646633,-23.9179336367362
-10.6963290341477,-22.0113557782438
-11.6094003440045,-23.2010203368856
-17.2276344823967,-22.9077572832143
-17.2141428621008,-24.8471519531468
-9.58682727255786,-26.4560264821346
-15.5130084606605,-26.0793952416194
-16.6643521059832,-25.2167367236553
-15.381612443631,-24.7688317705322
-16.5775957882845,-25.8965928750452
-9.15683947338806,-22.0814990173023
-11.5786125013415,-21.5751318001775
-13.3789162429912,-23.8262964519508
-13.0968050609806,-23.7355667920095
-14.5374505427065,-24.1282768047476
-9.15940770138919,-24.2378166072241
-14.9897734364914,-23.8247044149183
-15.6480612923693,-24.5860667584193
-14.8319194507725,-24.6298345479738
-17.4141811215636,-26.5736393691257
-9.51979462099011,-22.2716903619355
-11.3472097654876,-21.2306096364089
-12.6960301419145,-22.9354074556437
-10.9379075138433,-21.6474554258034
-12.227441518498,-22.513435826126
-10.1033752152825,-21.660648328265
-14.5291170458537,-21.1475671220602
-15.3443479301979,-22.0477505207603
-15.6470002917638,-23.369666430634
-14.3646349504323,-24.462685059071
-10.6140613361214,-20.1066499196055
-15.6158142427837,-22.97023059435
-17.0373401827976,-24.3600952227627
-11.3850231737293,-24.0301666965258
-13.1337597362954,-23.2076698329927
-8.322182230185,-23.6537308620591
-11.0869342402843,-23.2925928161967
-13.3092027982249,-21.5788067177999
-13.5655174617223,-21.482109354514
-12.6462327670133,-22.6659548787583
-9.64265192328448,-21.5687605037293
-12.1108416122637,-20.8115338821487
-13.2544217576831,-21.9799820311893
-13.0558549433157,-23.9471136302984
-13.3802670556016,-25.0848386961431
-9.71195526313499,-23.9443351091863
-13.2745252647152,-23.8070170619307
-13.6269480044457,-24.8123063598792
-13.171626923232,-24.2826120762826
-10.5355758223906,-24.6928665680837
-11.9574695426456,-21.2675539409771
-14.8304686862776,-22.7578695796506
-19.1298492661125,-22.1991197327998
-12.020639632306,-20.4461569683316
-17.0871724124886,-24.0048915516653
-8.85566980239146,-18.4658292564534
-11.4471200095292,-18.5567936650267
-12.1803978138878,-17.9628955410945
-14.780301514519,-19.7561539764425
-12.1443707706923,-23.5601049340047
-11.4184604794525,-19.4730880577229
-12.8917000419494,-20.7217054021042
-13.3024621551419,-20.9778238985418
-15.5815308178071,-22.4992335353519
-13.8530839583172,-21.8679622522384
-10.1483666070869,-21.0660803426896
-13.8382845880096,-20.6607276437999
-15.0452420039751,-20.9548735005522
-15.1793302934268,-22.2453272882327
-11.2735374987222,-24.3843893232736
-13.970254464274,-22.3736977158864
-16.6790934599389,-23.3650208794698
-18.636572752802,-26.6312654198806
-13.9637366660238,-28.0411060489814
-14.5211452032595,-28.6949729717877
-10.2827603081588,-29.375824821987
-12.8462803374526,-28.021473475012
-12.5533422706691,-27.9135173704921
-10.3692020178851,-25.0153511848086
-12.5478240598563,-23.5567175932342
-9.83049572675835,-24.8464448263269
-10.9729046996089,-25.510540625541
-12.8055298956192,-26.4857057939027
-21.270701441844,-25.8848062320645
-12.4846178343485,-29.685879132208
-10.236983055037,-19.4861878548626
-14.6595356123284,-19.6388091376778
-15.1228472763977,-19.8474310782553
-13.5379855097898,-20.6089884684837
-14.6169728513575,-22.1136026153873
-12.4229456579751,-22.1410565829789
-12.9914810545883,-22.4405992920705
-14.3571615835598,-22.6340284148138
-13.4539402876706,-23.3505376085354
-11.205492036711,-22.0223935838096
-9.97445191217023,-19.8892617803056
-10.3102132004859,-21.3587100039915
-12.7976513774177,-22.0284094990401
-13.1963392097479,-21.0463984801532
-9.60147310569749,-22.0534762638682
-12.8640256136033,-22.7529220537575
-14.1312146419782,-23.4846520714648
-13.0240243183136,-27.3109450765815
-12.8743509998985,-28.4338070210386
-13.5917205643948,-26.2888545344562
-13.0603614352718,-21.1329305232393
-13.7241719699877,-22.1148855519652
-13.9275856447061,-21.1059590591877
-13.4676674607907,-20.7940210061414
-9.64626424469319,-22.0735105484858
-13.3542990010918,-20.8878329667249
-15.1880344342006,-21.2288476972177
-15.3855555930435,-21.7409986596185
-12.5361778639782,-20.9312488241324
-10.9530864018693,-23.2953536234665
-15.8686859024057,-22.8297458093961
-15.5314082215829,-21.986710888312
-15.6321309670732,-22.1333156951097
-16.5926999610534,-21.3067462600622
-9.93541060445677,-21.8196718783724
-14.0575438896202,-20.575442608792
-15.7368047520426,-20.0709690324936
-16.8771049751087,-23.1499020720883
-17.4290511749235,-21.8686333322337
-10.527146171483,-22.6871283354614
-16.2594170281323,-21.6433734027215
-16.5839044895282,-19.777228503432
-16.6148895971451,-21.4625660186343
-16.2730355652668,-20.5678606604636
-10.5800462580628,-19.29236898614
-16.1814502429682,-20.369607141708
-17.9136515446878,-21.4650624382546
-13.7098228059842,-20.2003413300459
-15.9739677637953,-22.9065675117615
-10.5868551925185,-23.0237491257629
-16.3026044137756,-20.7393110598984
-15.261065135211,-23.5905101235994
-14.1641111734907,-23.6877421095731
-15.9733491296043,-19.0305976132581
-10.2830095582778,-21.7823843241506
-13.1287468141317,-20.2088246820199
-14.7262473466819,-19.3377147901079
-16.0067860546562,-20.3951676243444
-17.09513792592,-19.5264394834063
-10.6605988952985,-24.240888314521
-17.2921699259575,-24.0168588335597
-16.9856274445919,-23.8980717135034
-17.2449839543631,-22.9477275627171
-17.8098176857216,-23.5060320161523
-10.4094259565523,-23.2233965193489
-15.6283446212235,-22.1609210636026
-18.9046533377039,-22.8307907025703
-14.1696559461747,-23.4732629879696
-18.6051086961745,-24.5674868163541
-10.9035923900373,-26.2422803686239
-18.2411982305307,-22.3896691983447
-18.1034027457153,-21.7442059409479
-18.3398040088772,-23.7873699494041
-18.8930422910389,-24.53235953064
-10.3169257681185,-23.0677127410096
-14.8231458849442,-22.8894487310548
-16.7803974110493,-24.5060203525836
-17.633371763133,-25.8562205111302
-20.0452504372727,-28.9088313668393
-10.7512197835281,-28.9452143742536
-17.372502436691,-26.1229446024577
-18.3277078075052,-25.5565067178782
-18.1025788376489,-25.7032301474723
-18.9585818239773,-28.6460202622916
-9.85644724365142,-22.8952902055326
-14.280611181033,-21.3339523430312
-16.5715097463009,-22.965378779965
-14.3208052144559,-23.1702566257299
-20.158519298165,-25.4666975347795
-10.3754988648715,-24.8095078052523
-16.0209075091099,-24.3156546724489
-16.8271658108135,-24.2663083140404
-17.8783937298945,-23.9303484480301
-20.1916919274734,-28.4670949171285
-9.72811778061276,-22.9305007459515
-13.4570205631023,-21.0475868809105
-15.9300579703992,-22.0782131446276
-17.5825583266474,-23.1773848084712
-19.4530238929027,-27.2048857166941
-10.5239230525029,-21.9718022616528
-16.0675141843794,-19.8723651117406
-17.1476333582159,-20.0517994194971
-18.9700256945598,-22.7678537949397
-17.4906299086153,-22.5359896244306
-10.2560189634719,-25.2019208631654
-17.2389317454644,-23.80262342183
-19.5424704592944,-22.1194295141027
-14.6157813520145,-28.1147289726782
-20.0249365137712,-29.7028473026874
-10.8671856138672,-22.4143542193677
-15.9203039772791,-21.5534978805385
-17.9179341405471,-21.3890510420604
-18.5779044048321,-24.834381091625
-14.7319904471937,-22.835570415877
-10.8354271604089,-24.6982677163957
-15.6562557321392,-24.8420663396441
-17.7663245973237,-22.4767899222758
-18.0390206798837,-23.6486595087169
-13.9640534134468,-25.0946644259659
-12.2946646815335,-21.3326667708619
-15.4844936604682,-20.7985896678334
-17.1448527195346,-21.846323366812
-17.3452608787423,-23.3784913457754
-11.8615398855058,-21.5269393345485
-12.6708378293237,-20.8088850836298
-17.7700654842669,-22.613308641732
-18.964456207493,-22.0101859999691
-13.9076252256341,-22.2428802508827
-12.6429695308222,-26.3843143293265
-14.39867601747,-23.0444062416254
-17.8610302142277,-22.7951959209174
-18.1404522763159,-23.0067529215514
-17.4805878263683,-22.7120400296451
-11.7244617967316,-21.2428384131476
-11.98984791485,-21.8224077232023
-15.356496023095,-21.1327160319926
-15.2266062520175,-20.496364558025
-16.4259682163261,-19.3557054056885
-11.5632761778436,-24.8318717327427
-14.8273591527496,-21.2427111731164
-15.9042231925159,-21.4269890748082
-16.0916850085762,-20.636740171851
-16.1874177881483,-20.6358993327662
-10.7934846201409,-21.5930914424882
-14.2951021655329,-19.2445982212578
-15.6629816456697,-20.3367397175387
-15.5375036376904,-19.6652678330678
-12.9398042423951,-22.4809012506713
-10.821587497646,-23.2794826815563
-16.602902486839,-22.0784017167042
-16.4848171697978,-22.5404964212394
-17.780355277413,-20.228741730957
-17.9346216302371,-21.8569941644514
-11.8053518750865,-22.5936814302618
-13.1568638813253,-21.8661004071611
-15.1595460683303,-22.7606672751971
-17.2033280166671,-24.3323202525592
-18.4701548818619,-24.6376602932895
-10.2467564253249,-26.3054295264699
-16.4748478461951,-20.8951188145111
-15.8253815977332,-24.191127725687
-15.9069715270328,-21.7784616714881
-15.7349815159684,-22.0249937603872
-9.99740836795885,-20.2401673341378
-13.4286640982916,-18.6427722123375
-15.6690280893498,-18.4218257405567
-13.495147174967,-19.4580882789969
-13.5908436018748,-18.4329747310277
-10.1838037117287,-19.445568101326
-13.8704274272243,-20.6331586948221
-14.4329300234773,-19.9113080745435
-14.119156564632,-19.4955652176764
-15.7045974833115,-19.2143761002449
-9.93573913832519,-19.6674880543263
-12.5388851835821,-19.3256006585897
-13.8622964218915,-19.1067638389423
-14.9133176990012,-19.1655011295826
-16.1217353739951,-21.6782606409399
-10.5874067951623,-19.6219283257923
-14.7239837742023,-18.6348601199485
-14.9086677886024,-19.301498033288
-15.8048538484905,-20.2088171242209
-17.4306594850104,-22.0001936322262
-10.7976427128433,-21.4525438104026
-15.9365289016186,-19.5348071000411
-18.5450349540974,-22.7210985106725
-14.053090165263,-23.1292261116566
-16.887965801466,-25.1243751399761
-10.6052738530833,-26.2422926455026
-18.5921144856907,-28.350822321229
-18.4952655543909,-26.1351361935033
-18.9168919628379,-25.3925490934779
-20.7249356177123,-26.6011768377375
-10.0282359765171,-22.1093863966193
-14.3204927848332,-23.0095601476043
-16.9674461070781,-23.768974991396
-18.0691769221198,-25.0346526706015
-19.2869299303372,-23.11786180886
-10.5707753550701,-24.0304737218889
-16.0931878086578,-21.9524506612461
-15.1674602351458,-21.529650232168
-17.172564360106,-22.4436371044109
-17.5270930109889,-23.9850149904547
-10.2838938094041,-23.4273251875699
-16.2014488663815,-22.4799100231638
-20.620959604168,-23.6812828579166
-14.4988898206676,-25.2046989339482
-22.7164820883758,-26.7780028148665
-10.9120761992627,-25.4112032836859
-18.6277682094747,-24.7016910839769
-18.4483940634664,-23.5134621834199
-19.0187989462304,-24.5992368886443
-17.3996260280448,-24.7803272811159
-10.0847556103103,-22.1968538468989
-13.3297384811733,-21.5215390256155
-15.0663555410436,-22.099309243236
-15.6390606101096,-20.6557233930461
-16.7957575760232,-23.3725498816674
-10.275273062398,-20.5090567900384
-14.2866283209336,-20.1227527358986
-14.1762740145103,-22.3971216918146
-15.4846154334758,-20.5764175030829
-16.6757016041509,-19.6674441708478
-10.1162638419824,-21.5651292372081
-15.305507275839,-20.3608673832283
-17.3178821800891,-20.6217439914316
-13.5635694604056,-19.7684499411418
-16.616103423441,-23.7168790897046
-10.3877462003053,-23.307290902551
-15.4882473171653,-21.1969045445677
-16.196318311415,-19.8807094535152
-16.3633553861035,-19.317072718499
-15.810177839518,-21.1984990255125
-9.89430364000563,-19.631465215199
-13.8808596924275,-19.8482242237253
-14.9110113709507,-20.810579051039
-15.6210013403962,-20.7304050489278
-16.3248222802526,-25.8966662251312
-9.34721864641197,-20.0420240081265
-14.1058251286336,-18.5899624518247
-14.7949444557716,-19.0197744536914
-16.5992021122149,-18.3859379300967
-13.6569669500962,-17.6124218638173
-12.1441218360862,-19.577185062105
-11.5102296796736,-19.2327455913392
-12.9765270894872,-20.0105847407534
-11.4975696053987,-17.5682590768405
-12.7557949662414,-19.3060726075378
-11.7828604157642,-18.016733630828
-14.3598066559196,-20.4863141921603
-15.2473344529294,-22.7339083888191
-11.302500415544,-20.7721928601869
-13.9696295693609,-20.3716291433918
-13.678625842565,-20.2950108611301
-12.8817095448752,-15.957728987508
-13.2366215463803,-17.280450117275
-12.3712981152105,-15.2385063654834
-10.6666915143946,-18.9850680426807
-11.7333086360114,-18.4832125339607
-14.888762846765,-18.073128987093
-16.4659555039285,-18.6685042346842
-14.7547372699703,-20.0382393875971
-11.3143800038622,-19.6323173644655
-14.0415196530916,-22.310949402192
-17.218297077296,-22.1194595176356
-17.669767522865,-21.9629230079464
-14.8005665804818,-23.4712784431561
-10.4237351066533,-23.5324997452324
-13.4355118159958,-23.075607486496
-16.0668733158212,-22.0287536639775
-17.0463861136995,-25.1347257602962
-10.9562667012437,-24.9646147875281
-9.99655042936159,-24.7461864751794
-10.5717482569748,-26.400384670352
-12.0727127538033,-26.8761297544237
-12.7552272175219,-26.272736738707
-10.3411964627936,-25.890753609505
-9.55283139838135,-25.4185481234241
-11.4492147613498,-24.374110012123
-11.390020111381,-23.7827303538088
-10.8684533905842,-25.2272983882842
-11.103689692525,-24.3219893685792
-9.18818201846475,-25.2567614011334
-11.7719700810841,-25.1650183614829
-11.6762101065237,-24.7884289725515
-10.9783694286172,-25.7932683409745
-12.6489885907881,-25.2605915788789
-9.97207833987824,-19.1394840469105
-9.21373956109222,-18.4549343882795
-10.3343739404089,-18.4127217339108
-10.7768987404148,-21.8743437936711
-10.5001318672148,-24.34372120991
-10.8314726944405,-22.8155273892043
-11.448311814863,-23.7823265648373
-11.5182701003122,-23.9066343671702
-11.9967013580107,-25.8661537679856
-11.5475384290218,-25.8058131431161
-9.68073641973186,-23.6707462830282
-10.8510787807037,-19.7014287540727
-12.9362533808982,-21.0959557838283
-14.6202433834278,-21.0641547236258
-13.8246319423311,-23.04364673835
-10.5388257862578,-23.8994649621991
-12.2280744354751,-25.1107637182193
-12.6620590063916,-25.2950989399401
-11.7404187346603,-25.1938690487568
-12.7528941941544,-21.9890893497678
-10.4219993841424,-22.0797637407899
-13.3572957634772,-20.3428478210545
-15.8057839099098,-21.0802070909779
-15.6522090888674,-22.3501626189858
-15.6986331493605,-20.7004161462196
-14.8213008530883,-21.2016189644966
-15.3737862955891,-23.821751848729
-16.8860644814447,-23.1985281694207
-15.0167117906444,-23.4790143693756
-15.5918933506838,-25.7583850129536
-10.4708566602546,-24.5021277286744
-14.9075348409167,-20.9459068094573
-16.0675377892227,-21.7132392265431
-16.0097357296744,-22.1869193613718
-14.9776269656355,-20.7146686740767
-10.2368913715828,-22.1526003836077
-14.2640891018104,-22.3704879740417
-14.5835481552778,-22.9717117376493
-15.6488317395142,-21.1558358682763
-15.2104405029775,-20.5521221671821
-8.75599772324929,-17.6081470104666
-11.5631787102426,-18.831273471596
-13.3094180007272,-19.091675851913
-9.1997840615284,-19.6716218704192
-10.2590140739128,-22.8296782731341
-13.3028498302798,-21.3479517654579
-10.6496299700967,-21.3111263466157
-9.57484339826735,-23.4748348352254
-9.72632330833877,-22.9355128076029
-12.8497520110341,-22.5790472535078
-8.8490982594389,-19.0302156154318
-9.52461518724115,-20.264650103829
-10.7410194890799,-19.9916421640622
-11.1959045046845,-21.1498725696218
-11.7301126894613,-21.1942561917954
-9.27099254177799,-21.4084067955542
-11.4857161757058,-21.4443701410779
-12.2828936834923,-22.3237935060582
-13.2097611115829,-21.291332801145
-13.7611294414746,-21.8437482518928
-8.72568955445184,-22.3490969262791
-10.3877397977249,-21.607384384044
-9.55560716215067,-22.7945500952471
-10.4669745673063,-22.286270409392
-10.071182965261,-22.0955502183483
-9.04608596153093,-22.6164524858002
-10.5523728753354,-22.3696867732302
-12.1520400363638,-22.6603831129535
-11.0811656216217,-22.6483328332215
-11.2685348970396,-22.9442630430829
-8.82584451157939,-20.165970751351
-10.9625762904572,-19.9242998483262
-12.3127059775119,-19.1849378423706
-9.09839141955091,-21.083608531152
-9.23590002647465,-23.3624058907789
-10.0157868432544,-22.3072495645589
-12.7873183757953,-22.4057087202731
-15.4304650478115,-23.7624598338203
-15.4740264645131,-22.5823350356794
-15.0310075306799,-21.4458462264947
-11.0390847556657,-23.5057404684934
-15.7455806769969,-22.7426708794268
-15.7390875110736,-22.4689595240329
-16.5719063503539,-23.0726788354761
-13.4639906424911,-23.4754724940467
-11.5017266629829,-23.4873513840351
-14.339722295654,-23.251583525896
-16.3501441822071,-26.2143319961203
-16.1411201642412,-25.2640171674591
-14.6100582091518,-24.6292039860999
-8.58521894563221,-20.8559184882079
-10.0399642323013,-21.3693093247024
-13.3306196535349,-22.7375719916449
-13.1792343810547,-23.6201979861947
-11.4813217815587,-22.6278509520257
-10.8406599246027,-22.3695162112525
-11.76587339158,-21.6618879847638
-13.1307962812698,-23.6718689728729
-16.1154643864839,-23.3675647252646
-12.7138317468264,-24.4985241090245
-10.0166779673177,-22.7979068868184
-12.2466821004417,-22.1259568813167
-13.7481359077859,-22.045572482109
-15.6019541754404,-22.5099116369501
-12.4875657726844,-23.2478450139576
-11.5420678214902,-22.5191087730023
-14.3680442238712,-22.7617750093397
-16.4785258187557,-23.5361013127863
-16.4422513452371,-23.0756734481068
-10.8166201339322,-23.5306611167779
-9.41205486717588,-20.6585163353432
-11.6560337640223,-20.7475767494514
-11.4839585944452,-21.603708275122
-12.2191611212869,-22.4857014853173
-12.8092218491804,-23.2592769414021
-11.0305842216922,-22.7821343649797
-12.1451560556529,-21.9187194835768
-12.1201629163751,-22.2941294242829
-11.2228735170378,-23.2545511338259
-13.4309913238093,-24.2291462994191
-8.37913654721817,-22.7257517840754
-12.6774379429141,-22.2405454758821
-11.7808229318284,-21.1023635793432
-9.59323883671888,-21.232505831892
-9.03760630333052,-22.2964769423
-7.97667154953117,-22.9636987081142
-8.75672440143523,-22.7652384513358
-9.39448827980928,-22.3626779008373
-10.1339895003789,-20.5742191314665
-8.45403940200239,-20.7822591688116
-10.4834578806468,-18.9146335836778
-12.561829700238,-19.4324893299204
-13.0881432434608,-19.5039710238724
-13.9970050288163,-19.3227526909223
-10.827011654848,-19.042775128642
-13.0623275011228,-18.5155614470174
-14.0742315346538,-20.2484878660962
-14.1072930696569,-21.0201391665195
-13.3515525447844,-20.662322180103
-10.8230381657471,-20.5896015132919
-13.4331110365011,-19.4347246937552
-13.735145080993,-19.0532912731465
-12.9196992877735,-19.1927619216752
-11.3215929286518,-20.8877519796857
-9.57912950432494,-20.9228323373971
-12.2757485596589,-19.4590443075876
-13.2954419499189,-19.4103502870617
-13.5407784980847,-18.6274191960499
-15.0814903326095,-19.6605500884482
-9.9055362140503,-20.5600162820909
-12.6124982381067,-22.4093482548371
-12.3713842368844,-23.847508938157
-14.0146256477375,-22.3254086605641
-12.4482482744211,-21.4687464634365
-10.7205459572586,-20.2193992559102
-15.0863139356001,-20.6434210609603
-15.0460067354749,-20.6078938915523
-12.7341876338467,-21.6013341521091
-15.6298101660034,-21.8624330632021
-10.1158295506272,-18.9636487964612
-9.85146916817647,-15.694286049379
-10.2256937596999,-16.2311807375807
-11.7322445432692,-17.8658798131103
-16.2766162517607,-20.5566832930564
-11.2417503281647,-18.9568098917629
-13.7930003573624,-18.3823217910587
-13.2937360588133,-20.4219129207462
-15.4932486822193,-21.7076750008469
-16.0370991625379,-21.234911329848
-10.1523998498292,-22.2823723509753
-15.1491933152839,-21.7784564679134
-15.6465584516451,-22.5390627612507
-16.4464455823604,-21.2796240606266
-17.060762876588,-21.1123214344554
-10.5533994326196,-19.9454596599136
-15.9400801036418,-20.848568797679
-16.239478722066,-23.6773327403723
-12.17911175108,-23.5815243567347
-15.265102490842,-23.6817055209131
-9.86469263029509,-21.6821893037285
-12.5740400082641,-21.9160926895724
-12.5024798970638,-22.6768659700252
-12.6370398789244,-24.5793456024565
-14.7249465596717,-24.1645623798327
-8.97844049181074,-21.5321981738783
-11.3583014132915,-22.3949730606357
-14.4837952269182,-23.2124932213279
-17.4122593368464,-22.5923444711252
-17.4824830029569,-23.7547904187293
-9.53372489382757,-24.4305799103244
-15.8973754406065,-23.6499419295479
-16.083693455228,-23.9953492753917
-15.0875615087684,-25.1630663001461
-14.5793813424796,-24.0129370472399
-10.0318438514781,-22.141139613806
-12.203944372522,-21.8427224439906
-13.8208281679145,-23.3771509399004
-13.4239000807733,-22.1418625605544
-15.5183234725857,-22.7642677954477
-9.31629696397457,-23.5281423227676
-15.4361249186262,-23.2907635057862
-15.2976197388674,-22.5838022485507
-14.9133711682654,-24.4888469024128
-13.3454296673221,-25.1640840022406
-10.5777049412779,-20.365068382949
-13.3020601488432,-20.0033687726822
-12.9845324639584,-22.330959341027
-12.4369598060032,-23.294154130832
-14.9675793043974,-22.9748188758448
-10.4636936438542,-20.5362703773469
-15.2902276263353,-20.7521924755807
-15.8876177538847,-20.8859716995984
-15.8418086262131,-21.1044409465863
-14.7401510305621,-21.4771783960417
-10.8362957311732,-20.5354300465118
-16.0684149770816,-20.4634477871576
-17.7236615797121,-21.6748110141216
-12.8087699853588,-21.9277978947701
-14.569131790679,-22.0303151474238
-11.2906888410987,-20.422314066895
-14.609925073359,-21.0010048831708
-14.8952140911684,-20.7892404675875
-12.7418078932683,-21.5770547808903
-9.93822860587219,-21.5147358479558
-10.2171971548285,-20.2770756129121
-13.0925222926397,-20.5133438308441
-13.0118259450746,-20.5506594025642
-14.064331101922,-19.8291323280826
-12.3401933205022,-21.7818538471082
-11.327320506704,-22.2707408036624
-13.2207874239825,-22.6287218612893
-13.155791300018,-23.2409968938638
-14.1619782482388,-22.5765167548365
-10.2121486510232,-22.4601021233968
-11.3634222064311,-20.9791794595256
-11.9822362412277,-20.7869349746866
-15.8305017590292,-21.2154203260907
-12.323985273189,-21.9830472533304
-12.0101134370916,-21.7751908051986
-11.1070007933323,-16.1058804368358
-10.3832985950666,-17.1705813869725
-11.2681180142107,-16.9384984428217
-12.9082244177311,-20.7692179856871
-11.6914228015843,-19.9771815891539
-12.5240357999328,-19.2823800510507
-12.7114278060229,-19.8315059592799
-14.8780666752163,-20.3755919986937
-16.1211754310397,-23.0115699894319
-11.370256274892,-23.7551369837667
-14.1092124348452,-22.6834623401422
-16.1496484770026,-23.6474127373462
-15.9318057414401,-24.3532229108567
-17.4447085930753,-22.3976208603333
-10.8011212178796,-21.2069212119825
-13.985282231242,-19.7663180283956
-15.8080601182824,-22.5762960675238
-15.4560750785185,-21.5941135860182
-12.0294117073614,-22.7053178363423
-9.71247663577021,-24.6738313065405
-12.6817987209038,-23.7704293212366
-14.496292681172,-21.7483864528158
-14.6775204112215,-23.2560134616463
-14.4000051061092,-26.0784463658224
-9.98146594935862,-24.5190582334773
-11.0620048208539,-21.0604718721019
-11.0034061698174,-22.6962081441681
-14.5333842098411,-24.5822601859938
-17.7341876114618,-23.7947714888684
-10.2836203336682,-23.6733129127469
-13.5825705477791,-24.8218265604919
-15.6103952813957,-24.5967720590705
-14.3500976773652,-24.8248975635843
-16.9665176371078,-25.4642006467684
-9.48184476266167,-23.1615900677397
-12.3044213964208,-22.0469682655667
-12.9121125994793,-22.6426940506616
-12.3243508393466,-23.6248716305816
-14.3884592094184,-25.0099578790539
-10.0308690792473,-23.5896794159266
-13.1767106087801,-23.2881199690015
-15.4373959569744,-23.2712430525861
-14.4043559093748,-23.8803168908351
-16.7880985235175,-25.3078871636049
-9.53158511132663,-22.7237669270341
-12.2921741766551,-22.117654801851
-12.7261063043074,-22.554529435667
-12.6734683735048,-25.4533640614059
-14.3137569556932,-24.8357686189995
-10.2786398333537,-20.6134032627472
-14.3482369163961,-19.7401327518019
-14.0159610564131,-20.2584818627036
-14.3842644871115,-21.1309991347104
-16.183097875787,-22.6106036923946
-10.6734037405316,-20.1396745782968
-15.7462452797275,-21.1521397359766
-16.276698377763,-20.5296842245282
-13.1492224132686,-20.8032672295716
-13.2668303400517,-21.8393638102092
-9.62590236239003,-22.3086345460415
-11.8061264753622,-21.5163920437904
-12.8092425145538,-19.9247053620807
-12.87096504063,-21.6188722769893
-15.2959671602336,-23.696539505395
-9.79248129863103,-21.5748596271536
-12.1014489081478,-21.5981233650436
-12.6442933638763,-21.382258814868
-12.096485056605,-22.2696601064779
-12.5116958251118,-23.4340147538775
-10.0456581344823,-22.6803898722599
-13.0488528638866,-21.4921938202087
-12.8698811174955,-21.4745579960217
-13.01482521824,-22.4142682810272
-12.4444545095349,-24.5596896271597
-9.82670023779996,-20.9563331155322
-13.6163109789933,-21.0500893487905
-16.7952795534226,-20.0041486693835
-12.8565119429872,-20.1366450798246
-16.4406746908841,-22.9636220782588
-8.9299042774427,-18.8115314611385
-11.3566690920837,-18.7338172540628
-12.5283365070573,-18.0381210947669
-14.4509056139376,-18.6923032205525
-15.9246256552831,-22.0199626688277
-9.50154818714262,-19.2048391780961
-12.1314691363899,-19.3203759550984
-13.5775663772177,-21.064137411673
-15.4973579428223,-21.3831397360552
-15.1519655806965,-19.9767338265105
-10.1513748049734,-20.9098366052086
-13.8553715546351,-21.2641188739851
-14.9162038435332,-20.9798358324761
-14.9145083179269,-21.5812357166623
-14.2155261523669,-23.6456625445024
-10.8031317444658,-21.7185928810691
-17.0562211975597,-22.8448960761959
-21.4017817287385,-24.1780544409661
-13.1109656268043,-23.9139357949442
-16.336294180584,-26.6316861854807
-8.65873571057906,-24.3585062846289
-11.3584680980903,-25.5665239240838
-12.0637290319805,-25.6811484057878
-16.9180666406936,-23.3168971881395
-13.4269908957851,-22.6289153535046
-8.53522864092334,-22.6079749033478
-10.331515118585,-21.7676529826302
-13.7087677492927,-22.9215164955598
-16.4499239114196,-23.1433100163808
-14.4364335962272,-23.4111814040646
-9.87317312153015,-24.2463933992956
-15.6105219619264,-24.1072998232942
-16.1037353019385,-22.5091847062376
-14.753570551289,-22.8994497252579
-13.9123494066155,-24.9919806625892
-9.05529798375473,-22.5523219308264
-11.0982328499737,-22.5808294571873
-14.4462892004226,-23.5292119853629
-13.6949812153374,-22.523978751231
-12.7314797704889,-22.6779407668547
-9.10669330502294,-22.7060155652796
-14.0133751761997,-23.4233292011861
-15.3211051748752,-22.9026327025344
-10.1272550925871,-22.5269029033454
-14.1115377512522,-21.8266497022566
-9.88722603729502,-19.9843130244973
-12.6548118928507,-21.8350971736656
-14.6441430363854,-21.5762646567129
-11.7405911073562,-19.3411334733845
-10.8195485387572,-20.4552176675954
-11.7330827572502,-19.4725232166728
-12.3371697161135,-20.0198616473262
-13.6574508793217,-20.4576235365943
-13.4661079927895,-21.1239157762001
-11.7939641144655,-21.0425059302881
-10.4597434960831,-20.5268881418056
-12.7225652270554,-22.2836210582969
-13.2827267040075,-21.7341930514484
-11.3229579075825,-20.8552119880372
-10.785885704805,-22.4335005520804
-14.4677732350769,-21.2599020867523
-15.084047028666,-21.6464623469648
-15.3238660763299,-21.73340118606
-15.724098278756,-21.635103423693
-11.7896431927755,-21.4892809572503
-12.4421214242127,-20.6111107668017
-14.3240696299914,-21.4891090621401
-15.9977366811978,-19.6244844410772
-16.1603615343269,-19.3716427022535
-10.5944962033108,-21.1041009083246
-14.8720644512249,-23.2711795769056
-16.0513504132745,-23.771593748599
-16.0459766315494,-21.3315112020997
-17.9856267160148,-21.5777309590194
-10.9868355816313,-21.0292547990684
-14.3175561975996,-20.5525789052557
-17.3103233701691,-22.327700052821
-14.6108085060751,-24.5592805116475
-12.8838397451341,-22.6630471016677
-10.7667886349685,-21.5455437957378
-10.6742627320452,-18.1468869907123
-11.440909261731,-16.3272947125252
-12.0836176390936,-17.5585910435735
-16.0286909634231,-19.6237788270121
-11.4900805399047,-19.0808157834487
-13.7228229559311,-20.059726985755
-13.7769612262808,-19.6756915121297
-15.7914093286808,-20.0108167853076
-16.5234022979978,-22.2139534997909
-10.5002698270616,-24.0535886459784
-15.0526555209241,-21.6656641939026
-14.849141868095,-23.4654182204044
-15.9141046695811,-23.8684151920631
-16.942585499356,-22.6157556130609
-10.4800574040712,-20.9888491321276
-14.9265783484041,-20.1838558612653
-15.203657930926,-22.0050279797876
-12.019660900795,-22.1290017176903
-12.9027945234413,-22.0726478261096
-9.90646650002567,-22.3356715239459
-12.288174529838,-22.9820955639606
-14.7025410912257,-22.7779370522056
-15.0915176313013,-24.6061004547588
-14.2510318384469,-27.0392933734276
-9.58606493601402,-23.29282549273
-10.4423275143586,-22.6424371767868
-12.3482291890386,-22.139468815813
-17.0592064569318,-23.6741851950801
-19.0791421237189,-23.5128758306885
-9.89754410031232,-23.6110409704267
-14.0363184898511,-22.3168534762982
-14.899112571216,-23.4956629210072
-13.8850457311936,-23.6985451885135
-16.6094495745323,-25.3219191404713
-9.82212171208075,-22.2810168976467
-12.383194431413,-22.9019103431453
-13.4507428706263,-22.9030841413903
-11.3118702340409,-23.4741552275157
-13.5247755001046,-23.7081881996267
-8.38171516499402,-23.0546823647669
-12.1802349921197,-22.660828201561
-12.5696591542421,-19.8440770131545
-11.8329917090873,-21.8395930869815
-12.6377064152842,-22.9209282160131
-9.53671488442688,-23.3662997952304
-12.3862904430234,-21.2715602084137
-13.820433208589,-22.7880597332482
-14.8255725961813,-23.2413573769261
-16.4422577684981,-23.0007194837238
-10.0009458927797,-21.3204172121542
-14.2751623730239,-20.6693695328484
-16.6520825405389,-21.9879692460617
-17.5400804214771,-22.3787269963145
-16.0629414002313,-22.6238513149354
-10.3329203616804,-21.5518118394453
-13.8906319315316,-21.2083157079971
-15.6981591833334,-23.1056140464183
-12.3852594460459,-23.057892609884
-13.6548923088648,-22.9660383754196
-10.1365593204646,-21.1332477833827
-14.5119150505519,-21.3535471606636
-13.3452820871731,-22.5502541981491
-12.5468441982968,-24.9544815814769
-11.0346413192825,-24.4643907006298
-9.64896243799202,-20.386487013218
-12.3105329896711,-19.6928043172889
-12.2586823051769,-20.4040775864263
-12.8318819236837,-19.6770721934694
-12.8170862852978,-18.5896537386337
-10.0283852310691,-19.2520470889829
-13.0640522572673,-21.5438271859227
-14.534028716906,-20.6315960728872
-15.2190369717494,-19.8310439029389
-12.0105125634881,-21.3413096759795
-10.6873701751362,-20.4654868975231
-13.624947384668,-20.6561202616612
-14.3693022862868,-20.5828893953231
-11.5283039635849,-19.5876941830151
-13.0753860150053,-20.6386667947993
-9.81907028005211,-19.9363787455629
-12.0677729474226,-19.9155358338717
-12.9843213035584,-20.2271179816383
-13.1718823417238,-19.9839252122922
-11.7082738990329,-19.2861022771714
-9.48914226825749,-17.5361816927948
-10.8468979964133,-18.1362439019887
-11.625486672086,-17.3964506787273
-11.7213908359583,-18.0854318230792
-10.8343941208794,-19.4122368185776
-11.5321730560426,-22.4749708070804
-14.9834592177358,-23.8198454796243
-15.6007397878449,-23.4712109834305
-15.9556533658591,-23.3456721242548
-12.2155405366777,-23.1341300376045
-12.8136150762261,-21.3776651931396
-17.3633748508694,-22.8773357954683
-17.8217013716922,-23.6029359544286
-12.1694965441574,-22.0947798118274
-10.9809187066597,-23.2150392561616
-13.6992573860382,-22.2851848784851
-15.4907674981684,-22.7623732533962
-16.1775269524533,-22.9687343389738
-16.2197550241169,-24.5706285925346
-12.1589364051845,-24.2404740357897
-12.1231437768314,-21.8074577595229
-15.192767080015,-21.6094920932209
-15.8864318871922,-22.3119739322886
-14.5316355843333,-22.9556429036098
-11.0765075218706,-23.3988284690425
-12.9876057933189,-22.9222774693681
-17.9510882503894,-23.5383499532819
-17.2296715746766,-23.4780191334035
-17.2152168852347,-25.194220987709
-10.7798360987512,-23.8527051089997
-12.9226160215668,-21.8637727816363
-13.7981608010647,-21.842607447866
-15.1170429862431,-23.9639564106819
-14.8816690072672,-25.6287024063302
-11.156502472124,-25.0249798437447
-14.1718095531096,-24.6279461429643
-17.1193790995463,-24.5987810724788
-17.614234758527,-24.4050661148124
-14.5557366798141,-25.171622546091
-11.7657198213135,-23.9232934007163
-13.471694441583,-22.3540506706861
-14.4224753391724,-24.5795660807053
-15.9212308985119,-24.4172098756297
-17.9068743183602,-24.982006271641
-12.0816869973996,-22.2495640766144
-14.7149001233177,-21.9664189131775
-16.1477725460116,-23.0283916998799
-16.7837452563956,-24.6655449651138
-16.8177144311525,-25.5012340040026
-11.8773781135617,-23.0771788970432
-15.612483279787,-23.2095252210652
-17.8518332750576,-23.7320047298364
-15.8541360520706,-24.2402430181983
-15.0895565591049,-23.6390991097195
-12.5016317969601,-23.3286718855249
-17.0596253056783,-22.4373135457516
-16.1851522405633,-22.3862273679859
-17.4437611179171,-23.0835917010578
-17.119442149189,-24.2695341914079
-11.9681973450136,-23.0914401114397
-15.4345170679594,-22.3607079031374
-15.8687262316357,-22.832289766881
-16.2393767693657,-23.5331443239367
-17.0943110075339,-24.1006149674908
-12.0476832345373,-22.4974242954593
-15.4072632431683,-21.1765981047288
-16.2166772803416,-21.6438811643095
-16.5746002924096,-21.6522660280371
-17.4351501893395,-22.2547340272269
-13.1759797291353,-22.7678884028887
-16.1215664291058,-23.0352864477337
-17.7955126401607,-23.782189848061
-15.4372025651317,-23.0828703242752
-15.87099799875,-22.3259129155831
-13.7229782086581,-22.9930410322738
-18.3873576575261,-23.7737315077727
-17.9958522570732,-23.4580429329905
-18.9591970007078,-24.2417119188369
-17.8348339005178,-24.7209145887896
-13.4007437934195,-21.625706024384
-15.7113544475023,-21.5677458541409
-16.4290900701852,-23.1842308864522
-16.2348349968464,-22.9892418668266
-16.9047169452319,-23.102803512432
-15.0192079489421,-25.6981543692591
-21.3094972938404,-27.8843675370852
-22.9786718533374,-29.5531282196912
-23.2532278104808,-30.2836025038323
-24.0701034826007,-30.6478961299978
-15.3979905484802,-27.7282381409386
-21.0297124853881,-28.3837090454724
-23.9365909087772,-29.112132222285
-15.8724284571547,-25.9364948929595
-18.2390506551495,-26.1905990713031
-13.6703550834322,-25.8030561472352
-19.0314582057956,-25.9400907216397
-19.2624209486277,-26.291251546986
-20.0081873343177,-27.6152892383272
-19.5053641092836,-28.9444122529983
-14.2642374660307,-26.0909854370633
-18.6165101855913,-25.461091443565
-20.2721804435158,-26.1902964228334
-18.3211954226029,-26.9886629083366
-20.0314667318646,-27.3087812337928
-14.6164148873866,-27.2247285596543
-20.6651570175981,-28.5957152440911
-23.2790348826048,-27.7933148330848
-20.7922405783447,-29.5698972804711
-18.8707838412403,-30.4187341487599
-15.7894698411964,-26.9349152162995
-17.6785548456031,-26.1279700076715
-20.2821555781301,-28.0328015483412
-19.1170838370409,-29.501761353448
-21.263519679023,-30.6548912474908
-14.9106307305657,-29.224757803134
-21.7137386465059,-28.7042539927645
-22.3873844891384,-29.4971395077847
-21.126474731716,-29.6756063517895
-18.5063903626644,-29.6526267551809
-16.2391441921864,-27.1498725617054
-18.6499022641075,-28.1309571003519
-19.7983351130134,-29.2734453645971
-21.71626069831,-29.6786931885643
-21.8857112300764,-28.8252863121939
-16.2961498172051,-25.8787547005387
-20.272437692809,-27.355100863816
-21.8196977393349,-28.8053430327802
-21.3503122198186,-29.7805731265884
-21.2141072693566,-29.691867426679
-16.4188646602303,-27.2366909300889
-21.3072655376333,-28.5322382674306
-23.9382563700449,-29.1276164889976
-18.6343056221617,-28.5627826092038
-19.3355987304732,-28.644358438585
-18.3499663865226,-26.8626601189868
-21.5286023912254,-27.3665141504526
-21.5308206089351,-27.1474261477537
-22.0680421023187,-29.1729116583277
-19.0919851238512,-28.6830924385853
-17.7863514322385,-27.2813805344089
-20.0088827526227,-27.3350647593601
-21.6707850928441,-28.021065324501
-21.6488342769319,-29.0810093415103
-18.5019181169325,-28.6691274764162
-18.8843355920432,-26.6241421681575
-21.4510919689864,-26.603139117597
-21.7467432280251,-27.5901075503311
-22.2915536704614,-27.3480518422995
-19.1352423717822,-28.0138410582937
-21.7999421687502,-28.5114607140891
-22.5144410910938,-28.8164520223385
-24.4223844429286,-29.7573305221784
-20.5311031955328,-28.4134646666822
-19.6532461084907,-28.6827043247821
-23.4538346545049,-29.2926918964866
-24.3560186704265,-29.9165388073123
-24.7670464012188,-29.9803534913833
-24.4659655848118,-31.7647856898864
-20.9497689044531,-29.1273783589784
-21.0827922313475,-27.6788336424305
-23.1189151995313,-29.012185963121
-22.7781370201259,-29.7721869574443
-23.9800106312121,-29.7437907896498
-21.3854837578924,-31.1987113842634
-26.4678577618998,-34.5508707493342
-30.2459670777411,-35.9103274011571
-30.4110636513073,-37.9298019170734
-30.8301910756622,-37.5216830417842
-23.4423199006348,-36.3825803806291
-28.0702708343647,-36.1318131440999
-31.7017229059944,-37.1960177170051
-31.0647747259412,-38.9213216668474
-26.7798892571922,-39.0161690570082
-25.3581725610874,-37.9300079947412
-30.9654916038076,-37.6381873770892
-30.8755165120743,-38.2513368940192
-31.6580602192115,-38.697203986535
-33.879389430601,-39.1778710432853
-26.6159609924887,-38.596521440411
-30.9108401407191,-38.1177445654298
-32.6165419425766,-39.3158161337705
-35.1694024509953,-42.1425995201902
-35.7094814148822,-44.0390545948851
-28.3951983296841,-42.4690050603043
-31.1992246760594,-43.2465619022327
-34.4572615281152,-44.2042173709259
-34.1873076497323,-45.4051081845285
-35.7021634027508,-46.9539097100109
-31.2315109819426,-45.4122761706636
-34.2431787747235,-46.0512804305501
-37.2869187179143,-46.5503199226497
-36.0446618180771,-49.4376824880131
-38.5760643535453,-48.0119218113584
-35.932078296841,-50.4338084004521
-39.6956274724359,-50.8937626273348
-45.0556528891877,-52.1771691472089
-43.9468542944918,-53.3703072217482
-47.6360506360751,-55.7748853047484
-44.2102208169415,-57.2492169482984
-50.4122147808713,-58.9916563121245
-52.5839141673486,-62.4139598173683
-58.8429322403241,-65.6649862165568
-71.4711551373424,-75.2237625824531
NaN,NaN
NaN,NaN
NaN,NaN
NaN,NaN
NaN,NaN
NaN,NaN
NaN,NaN
NaN,NaN
NaN,NaN
NaN,NaN
NaN,NaN
NaN,NaN
