NaN,NaN
NaN,NaN
NaN,NaN
NaN,NaN
NaN,NaN
NaN,NaN
NaN,NaN
NaN,NaN
NaN,NaN
NaN,NaN
NaN,NaN
NaN,NaN
NaN,NaN
NaN,NaN
NaN,NaN
NaN,NaN
NaN,NaN
NaN,NaN
NaN,NaN
NaN,NaN
-24.1025325443493,-26.1590087024244
-24.4148615316079,-25.5217965154316
-26.83098982517,-26.1094545401253
-29.2639496300674,-26.8099803396414
-31.5244958278629,-27.5146610939317
-19.476861933433,-23.990090213878
-21.2469785257821,-26.724347129423
-23.5687905449103,-27.6742580608865
-24.8666176052282,-28.1690214850354
-26.6969145449465,-29.5069815325694
-25.4126958168304,-21.3110379457105
-27.7296735396252,-24.3090739714439
-28.7291956565466,-26.5472882426476
-24.63378343943,-20.5371931530189
-27.551873438106,-22.1694872469408
-29.575786020627,-23.6543240170596
-31.0106487002884,-25.1051833723247
-29.0686881048226,-26.2369476028228
-21.4187927265258,-29.0246132954243
-23.7286727808556,-30.9050218074888
-25.8991506737932,-31.7424187246427
-28.382177889143,-31.5365449916626
-29.9417422382058,-33.5518795835444
-26.1543145557687,-33.8666218395189
-25.148598597536,-33.479364846164
-22.5377005121826,-25.7368991323602
-21.7330090005234,-24.5465298540564
-21.3214780569852,-27.3630865541218
-24.1555947027563,-28.4599498174365
-24.8670945831543,-29.8059858994715
-21.5391192238211,-27.175724024489
-19.8805114254142,-28.115001439499
-21.9041749572422,-28.9609523831017
-24.3707679347466,-30.2641993939384
-25.6563164357867,-29.440657223151
-23.6334539418132,-29.960980565288
-25.4326927304661,-30.4337593368622
-28.5604884104418,-32.1686660401549
-19.6228183060309,-26.2429062393617
-21.0976295129021,-27.3218862394235
-22.6818645490929,-27.9036761693731
-23.7457013426036,-28.7611628847713
-24.7313826396205,-30.2049912784298
-21.8180142876008,-24.6569693297659
-22.8972327016327,-26.2635759799889
-23.8189992464599,-27.6498361947971
-24.6978955322556,-28.6996844751197
-23.1788499303943,-28.9218370365214
-20.1368304048584,-28.0009851410789
-20.0148193257814,-28.9258667341301
-19.7439453028305,-27.3396871877416
-19.2584843112149,-25.7462560889409
-21.6022666857359,-27.9568998486453
-22.0931149025604,-28.3616647898001
-22.5280711955301,-28.147956736581
-21.1071126195258,-25.3737093553205
-20.2244430647315,-23.762630224966
-20.95288934825,-25.1774660872767
-21.8108705864309,-25.7583920120508
-23.321468262118,-27.0951461253466
-20.2792639537797,-25.2521210440895
-20.9871898202785,-26.4238807682063
-23.0378344409422,-27.1028727463101
-22.8040154808272,-25.0751078827853
-22.3858098768163,-24.4059439835302
-24.4140481958143,-26.2685945297981
-25.559328585305,-27.5349253347
-26.1983522388198,-29.1675838014763
-24.6287757799545,-28.4527220437095
-25.2672742857727,-28.9681232434248
-28.2611480096228,-30.2143392588426
-29.9929961332832,-31.748744882949
-32.044236817589,-33.0514837635166
-25.0536376043643,-35.4522996718966
-24.2667878887039,-36.2432528511292
-23.7778257339125,-37.2575824865182
-21.294819619965,-21.6057163058622
-24.0602806213136,-22.5386363696362
-25.8206700394663,-24.4618624857082
-27.9086326615138,-25.6696734880774
-23.6156836848684,-25.3664670391064
-22.6168958704096,-22.1895416044802
-25.1853902411591,-23.0410415026971
-26.45012038572,-24.1669182151855
-26.3148363870367,-26.077301906798
-24.7198116029562,-27.9717214499796
-24.9710359423297,-31.2966513145902
-28.2857042026972,-33.1988728519264
-24.0732543823142,-26.0730522294499
-21.3397398662749,-23.5082726148364
-23.5774454005003,-25.6278509750613
-24.9023298186923,-26.9491785365395
-24.2014683337042,-25.5070159895614
-21.6010877778333,-26.4289969862361
-21.1976938881717,-28.5320977347629
-20.371414093261,-29.289290472312
-19.4633940740594,-28.806879573258
-19.2036799893047,-28.4559146286107
-18.1726931330756,-28.0013393240064
-18.2801116307494,-29.9986083813062
-23.6622103957352,-30.5706030036863
-8.52068465866307,-24.1316278236142
-13.8409807119331,-23.5969733335083
-18.4220083987013,-24.3799937337113
-19.8734843061509,-26.0537301395726
-17.8273448517622,-26.5208893837286
-7.98104151747555,-23.7363405948071
-16.0320206010213,-24.1079549230134
-19.4592847061521,-24.7393534859082
-21.3152668539908,-26.2792786139749
-14.3388420288539,-25.9098786626174
-15.5397028746244,-19.3555562775868
-21.1045501305801,-24.3169333191993
-12.979973410191,-26.4122048585511
-8.79764977184758,-27.5571716738019
-20.402920937825,-26.8121577188738
-20.6268097281291,-27.1607235390744
-21.8865742099063,-26.6727945069544
-9.92387576615883,-29.4847292558253
-10.9744790860022,-24.6296109439092
-15.9400447368337,-25.6757293399888
-22.5699871429484,-26.968182425785
-25.747938410281,-27.8920525432395
-12.3496666699952,-23.6645703811011
-18.5627226879848,-23.793012731166
-22.2888197345183,-28.5959743486522
-9.44821526136236,-29.1695198314887
-11.31653628797,-28.5804370383859
-22.2700572358618,-29.9917732885995
-22.6282352605652,-29.7196958710715
-24.9342702322278,-30.0805912185841
-8.25956766013464,-29.9910413160313
-13.6405784176099,-27.8450368508075
-16.3097770520626,-27.9045610804366
-24.9718024045487,-27.9019482350409
-25.9229213903857,-31.5649736811227
-13.0649300867831,-25.1556463719667
-24.5261259037782,-29.8650320453214
-31.4683479865318,-33.6684807111982
-7.74892855071857,-28.4731577415251
-16.5000002696434,-27.9803932211529
-23.050975740524,-28.1348227379894
-22.8364416022602,-27.1110981005099
-12.846735927175,-28.2648656377788
-9.01983413140385,-24.9758502723808
-16.5024573705871,-24.9991514470072
-19.6775819705337,-26.020337015257
-20.9679006169898,-25.8560462096717
-13.0764045329998,-21.6230762313839
-16.4453221702847,-21.2207438442671
-20.2873397913999,-25.0794042224562
-11.6105679715678,-26.0400941894233
-9.86312696576753,-24.8893278146688
-20.6601345031099,-24.9194613836657
-21.3827567572157,-26.110536398915
-21.725984658171,-24.7858636251407
-9.73157641751342,-24.6192431189263
-11.5242008437108,-24.8442253014534
-16.085876185434,-25.5383576526117
-21.430841270056,-24.8364495806578
-24.8713583103616,-24.6207774324857
-13.1163039050049,-23.6829721232946
-22.1250063372198,-25.9988587307615
-25.1395279611013,-25.3101567629464
-9.24341954259944,-26.6364790051175
-12.3930503659874,-28.1752093915774
-25.7998022599114,-25.1024897159284
-24.3016644280101,-26.6371515093852
-24.5588499221681,-27.7643227158821
-7.88682038756846,-29.9633793763653
-15.2941016800577,-31.5690651066292
-17.0053051227324,-31.0775277281025
-23.3108930867598,-28.9143709584349
-15.1569773227662,-29.1691351735327
-12.4675793435346,-24.8154235317022
-20.6513817931623,-28.3741044151231
-23.2245966650709,-28.1554034771583
-7.66952847588571,-25.4401310701295
-20.7969376240866,-23.9088251682772
-27.2331066896783,-24.3541992833085
-28.3509111114056,-22.8193661807648
-11.5944608460757,-22.9726458561564
-9.80526022108184,-24.2168722397033
-16.2586445317243,-24.8438751266848
-21.5936164673439,-27.1747645993024
-23.2117792051318,-29.068952126445
-14.1309634804204,-23.8806233079361
-18.7881972883891,-22.4329644389527
-22.4127907355884,-28.4966825794711
-10.3001416197757,-29.1451814916552
-10.600555388419,-24.9221521973915
-22.1625649331266,-25.3860802476023
-21.8765338664782,-27.0911648813145
-19.6399703478173,-25.0114466637766
-9.14315627814245,-25.7632195047139
-11.8832151581149,-24.0077874818063
-15.1298856344528,-26.7184266489144
-17.371334742739,-25.7799130057033
-20.5984933389714,-22.9394830908403
-11.2356321600123,-20.9091714163684
-15.3177976105528,-23.0557344710962
-21.2153091973896,-26.2323454140526
-8.55529856878239,-28.9052564636314
-13.3177060550429,-26.5662885214498
-20.3619562037499,-26.2025879657907
-19.8832580307864,-26.8131077794758
-18.2856947663095,-26.9069588782618
-7.76474725059575,-26.6526282533714
-14.6281638650476,-26.2109743509094
-16.3944897672371,-27.5128162194255
-18.2795950794634,-28.5722254802777
-13.9170723744001,-28.5487510190855
-13.4789736620751,-21.6032208497376
-17.3092864354027,-24.2627799502354
-13.4329407524783,-26.4204865570633
-8.59204766606533,-23.3138693085915
-18.6770496198241,-22.6388456581885
-22.4789423698333,-23.8583496786988
-22.5085928830865,-24.8943507216277
-10.3864925900667,-27.2934003418906
-10.497572181614,-29.9993088360325
-15.6011773461267,-30.6788500829467
-22.1262247800245,-30.9078113602306
-27.9919544288967,-31.3156917545197
-12.28826550058,-26.6224589407021
-19.0644528165614,-27.1795372054414
-26.3785075201282,-30.5637235992255
-9.65934360325313,-28.9103577668824
-10.9750890868711,-25.7216016526813
-17.6302491482282,-26.8955057413939
-20.4142316916704,-28.2513805551787
-17.6947321436971,-30.4150533267315
-8.40720630442552,-30.2008428548305
-12.0440099100768,-28.6448486974978
-14.9242054042672,-29.646011746687
-19.8104967745048,-30.2748181304377
-20.4652917381747,-29.4864880874076
-12.6085997605944,-23.5537524603015
-18.0480049812892,-27.9584665381481
-20.2153566404909,-28.6918122090746
-8.03054174375435,-28.578686766133
-15.9598963629061,-27.8865813289955
-21.291077231286,-27.7699459901713
-23.3931214300856,-28.010141467292
-14.3151995042586,-30.372813207791
-8.40726668887273,-27.1347454823398
-16.4273065154223,-26.7956480940168
-17.0668796204594,-28.1453635845557
-20.6822078215414,-28.4763724952398
-12.7258311281281,-26.0350019616671
-13.7871362113887,-20.4065753442473
-18.3500758338102,-26.7208048728574
-11.6901106390418,-28.0968739169243
-9.14372303440484,-27.8609938380262
-18.642623901018,-27.909927717048
-18.96857393164,-28.9705584831291
-21.0255373178537,-28.5723495116244
-9.58500676537103,-28.3668614353954
-10.6932980963925,-24.4721243207008
-14.7183841161218,-25.8286179971332
-20.7828987712176,-26.4020487906625
-19.2928565220885,-27.0718945983512
-13.1475839655577,-24.4286012165637
-17.383216208335,-25.926495802914
-19.1145586898214,-26.1561305779149
-9.17074162747545,-26.8360017547721
-11.8553960531096,-25.2598686281716
-18.9870330751221,-25.9711961160485
-20.5730717119368,-27.8408395350292
-23.9825887937795,-28.8909603661063
-8.01214533658076,-29.8784335207812
-14.8945888864965,-28.5514164157191
-16.4782862683452,-30.3730970469559
-24.8450600815248,-30.4936923056948
-17.5516457793806,-30.1323318394835
-12.1906116391705,-24.0087749963121
-19.741924986667,-26.6847371728252
-28.3896995821963,-34.9555297964081
-7.58834721223526,-23.8888428569212
-17.2230063381158,-23.1775002123283
-24.0809890807434,-24.3056018419098
-19.5626730920422,-25.9658573747555
-11.9811210356175,-26.0816681527005
-9.19119032465647,-24.1276315922276
-15.1241464861147,-23.7776661053041
-19.2301061313042,-24.7557090261443
-20.8646893251571,-26.0526342517512
-13.7555170538267,-25.4900980025702
-17.0998981391975,-29.2631982575983
-18.9024072028742,-31.7067363471658
-10.6916554804338,-28.6144754837192
-10.0753671166227,-25.153155624927
-21.4727043352854,-25.9659352632732
-21.8833738704922,-26.993583545824
-23.4345316406361,-25.7692016827406
-9.18387556963444,-28.395294335246
-11.5833765450538,-29.3588106319635
-14.5725621005665,-30.1231959237173
-18.0447459673398,-28.3965332025539
-17.6491608090789,-27.953666995297
-11.0199251002611,-23.2652556367227
-16.9789616908443,-28.9835266765437
-16.8512707298153,-30.1184654969283
-8.91691915219212,-24.9743122533283
-12.2242474263357,-23.866288613469
-17.4665969809158,-24.6157623208811
-18.7530660166484,-26.007290593151
-21.2834362612238,-26.7984365445992
-7.82433684923277,-24.6700740351185
-15.0294734146293,-23.9205287300293
-17.1710425026196,-24.6109598237927
-20.3832665959679,-26.5379771020768
-15.3252007316596,-26.7055204133213
-13.6900869621565,-20.2055543121788
-21.0503767242481,-24.2955962235842
-17.1951230067417,-25.8698966914759
-7.87977431783528,-28.0872930281471
-19.3489577542414,-26.7475437230759
-21.8223524391365,-27.301686560463
-22.7896158039409,-27.8669943576611
-10.8144600781155,-29.0107270723065
-10.1644428819613,-24.7295146673208
-15.9326592444086,-25.6707586455768
-21.0370849907255,-26.5741304771305
-28.8982971981877,-28.3413932971536
-12.4665580073266,-22.1888189613344
-17.4729455488667,-21.6266391625791
-19.8886200901619,-28.8093261211407
-9.91643612730698,-28.7763208366935
-10.4383200913911,-27.713438658703
-19.4836942761137,-29.1533546200926
-16.9029238305694,-29.2941508854756
-22.6399617340229,-30.4184755575658
-8.7307798224232,-29.8472492337578
-11.493952417485,-27.4665716436907
-15.7936331533122,-28.4565327280982
-21.9843974290494,-28.3474065282944
-23.0265354638442,-30.0702216242076
-12.6408410782102,-23.3455423386601
-17.6362285492223,-27.6901371954935
-18.2850221339589,-31.5748146582957
-8.26434906267709,-28.890690113949
-13.6876692912796,-27.9510033249628
-19.8622889817128,-27.8721483242312
-22.0714678399272,-26.8359470623265
-17.2831609023888,-27.6296641117897
-8.07233532757642,-25.142283463953
-16.6231864482622,-24.7436550977309
-19.0985549788112,-25.5740769747194
-22.2154300913643,-26.3289642298093
-13.6503892439358,-23.5459412707603
-13.5659932718142,-22.429063648173
-18.9154547074775,-25.5854589273706
-13.2030287875296,-25.8131534567068
-8.95308770446851,-25.1311617447675
-18.0845372672888,-24.8434233374942
-18.0308886178982,-26.1010780214272
-17.1141762967984,-25.6464298681059
-10.13450599363,-25.6529120464853
-10.5858280418507,-24.991871773314
-14.5412188408226,-25.5091394810232
-16.8020260368243,-25.3401382661437
-15.7228382971667,-24.565045502345
-11.749580556681,-22.8897938448713
-19.2891608969802,-25.5961872527936
-17.7026015485026,-25.3662670122851
-9.74456844784697,-26.5010943447636
-11.0880152539928,-27.3462730916798
-17.9025929912338,-25.2008085105387
-18.4325664575395,-26.0938276087043
-20.5726804781401,-27.8304520872071
-8.26524134942655,-30.0813745187014
-12.7581420153638,-30.1071219098144
-13.6822143528741,-29.8695186658887
-16.9318887632301,-29.0542014275127
-16.2574180324852,-29.9661399394838
-10.8252295436413,-22.4303123327794
-17.0498567714229,-26.4374047875741
-18.4494006040572,-26.7659299424068
-8.0139670115187,-25.2382000619891
-15.9775072884901,-24.2149299261906
-19.7514707021147,-24.1782332472169
-20.2524933933718,-23.3177181485272
-12.7765760846902,-23.2832829449118
-9.00614529721241,-24.5380080678678
-15.7281673086772,-24.0798882735316
-18.1903718790973,-25.6149417223863
-19.4562794515436,-27.5382609854099
-14.0977526010772,-25.6755041732972
-16.6426740009745,-28.553564354582
-21.2027213442242,-29.1576226922779
-11.1695891424555,-29.5258769383903
-9.79006278034853,-25.1253967217646
-22.0532583143601,-24.9362000492973
-21.5335284076546,-26.993182880047
-22.8545211978121,-25.1645224337268
-9.68941270111214,-25.9268814256791
-11.5356829553231,-23.6130592531044
-15.6941145500253,-26.3013250405335
-20.4007620502078,-26.6600356828963
-23.7761101356719,-22.7664348341652
-12.5551975215303,-22.1770163632283
-16.8893630507506,-23.7341969514229
-20.8621642396537,-26.6680092067369
-9.21923952592611,-26.1771265642404
-12.2376863003989,-18.8805859148189
-24.1513121476033,-22.8059066190025
-24.7196110391275,-22.9930166154904
-21.1851231263937,-19.2045545627413
-8.43180732903012,-21.0430952278979
-13.6260327628426,-20.0094069878348
-17.5195617999824,-24.6940794678959
-19.1820453588841,-17.6588570743863
-18.7763186936052,-16.2619226926453
-13.8001109326803,-16.4315882621163
-21.6540551127862,-16.0966444214061
-21.2347268392181,-13.5304203791008
-8.99826263378369,-15.3091281725715
-21.644493673805,-14.1914571345159
-26.6962340992215,-14.2696648050197
-24.5012164530344,-17.7163527195722
-11.7572743751879,-21.1068049581164
-9.77086141382047,-24.0069536655794
-15.3813177551444,-25.3449902113342
-19.6459108241623,-20.8552308833008
-21.632723178621,-25.9827722399494
-12.4010463038203,-21.5353680043367
-17.3787223546889,-23.3588399816453
-18.9962321700661,-26.6737319914125
-10.3239229932301,-26.6424521858918
-10.6239409753579,-25.5721703083447
-24.6596912861656,-26.046867670863
-26.595426230284,-28.1614616238785
-25.8268441745678,-29.7159240670177
-9.00498178707643,-29.9122657716601
-11.3697610509275,-27.9567763761037
-15.3679647918712,-29.9449168049835
-19.4250213394198,-30.6598557394329
-20.4845978698795,-29.7979207186464
-13.3816937986483,-22.510642084415
-21.0204593037572,-26.9784324219014
-20.6577036122035,-31.381653212157
-8.37323204589596,-29.0264671161408
-13.3294359850992,-27.8104329255885
-19.1775555443216,-27.9314546324905
-21.5520917700316,-28.1287590423508
-21.7087094334183,-29.5024874282755
-7.56534980537485,-28.2346052232972
-15.5057634174277,-27.3371884733503
-18.4933450212539,-27.9137824206599
-20.2569098374207,-28.2700698467139
-13.8513914454412,-26.5192857473204
-12.9424266598685,-23.4712042917818
-17.1418793414898,-26.3077085563371
-14.3392472239013,-27.3952837795027
-8.49913126653041,-23.8575877854561
-20.4065020457261,-20.0886936230717
-20.9710027720849,-18.8650554986373
-23.7003109414507,-17.6818843051194
-11.112030490542,-16.5337655679742
-10.8700987715196,-20.4694735531021
-14.8004286785764,-20.1310866315018
-19.7488371791582,-19.4131644681728
-21.1982754355754,-20.5302140414129
-13.1420881416473,-16.1464672525701
-19.0763999547234,-15.6563793170231
-21.7085474009407,-20.0001019589905
-10.4403296063812,-19.0114304315067
-11.39616267173,-20.2160012118383
-19.572321363105,-21.8477122565064
-19.4311961815389,-23.0078726810042
-19.3144328972568,-21.5393086596319
-9.04940087012504,-20.1382283408625
-13.6367095977991,-19.7066974191178
-14.3147054243541,-22.4458030579295
-19.8530483708874,-23.8439405350579
-18.5708116377591,-23.0405613333525
-11.4034384214183,-20.1567181790437
-18.0776916780606,-23.9327825464952
-19.0808890665187,-27.813126466739
-7.9410898381042,-24.3296906692897
-14.5036685268188,-23.6199941998807
-18.8645833892112,-24.6069305731971
-19.9194733229546,-25.5508794101988
-14.3917887682626,-26.4791096521067
-8.52743148795748,-25.1306451189351
-15.9563789609408,-23.6509910903306
-19.1058003801051,-24.5724675300597
-20.4116702387614,-25.990267273894
-14.7618220476784,-26.384840029149
-14.777972694679,-27.0224950609675
-21.5518175501902,-30.0284500639107
-11.9772076423572,-29.8245484047354
-9.35771342835147,-24.9455897564919
-21.8187745249143,-25.5397484231465
-22.1624759381911,-25.9712385674169
-21.1386334951145,-24.1165599250388
-9.80561968676189,-25.8959827409821
-11.0332459114572,-29.3593631751957
-15.1865258167527,-29.4892390866724
-19.4269687799056,-29.0101009669318
-23.8360782206245,-29.0073021219827
-12.4110139240836,-24.8485098432457
-15.6186881937904,-26.7877700179248
-20.3747112557605,-29.7318650835011
-9.52096036590599,-23.9800380293905
-11.7873346246154,-17.6228435555755
-18.6923834400661,-17.2900503006296
-19.9925173584629,-17.7061424242281
-18.7303185776979,-19.6061035954519
-8.35100575755862,-21.9350681757089
-14.9484371095176,-18.8734221545177
-16.7982635314197,-18.4409027852445
-20.6154772102248,-20.0569454730282
-20.1512000843208,-14.634164068051
-13.6855173752501,-16.5656932026091
-16.9381640381946,-21.4061022850012
-17.7537043886957,-20.8899072599986
-7.89989539491874,-23.8066296635466
-15.3457298306973,-22.0095960480793
-19.1853172555125,-17.4005905729034
-21.082190829747,-17.9751333804029
-12.2629589980305,-20.9819366029855
-9.47540865563615,-23.0800787779767
-15.2380938566998,-19.5696083358546
-17.9066812305176,-20.0221230532831
-20.1956863632809,-19.4909238577883
-12.1779934147662,-19.1072547795052
-15.120898100613,-19.9726857827548
-18.8033192049798,-26.0875505970918
-10.666833880357,-25.9973749275552
-10.238050190261,-26.2434391628555
-20.8755669723048,-27.3906697470044
-19.4370548068626,-26.2460602447399
-19.6143121695166,-27.9106999088778
-9.179198843747,-29.1534473412376
-11.3242344976165,-27.7522426773256
-14.9842388223429,-27.5899845980999
-19.4024290200928,-28.3902524114261
-21.7565134400781,-29.3905878435214
-13.6704348005835,-25.5348799633176
-20.5018557946863,-30.8442829734286
-17.5152523146205,-31.6357062387747
-8.77907853111166,-29.4402098103265
-12.5973167198941,-27.4828465286831
-17.3090618595209,-28.1733720971855
-18.0558162842412,-27.2607927857616
-23.24364427116,-28.4556596075906
-7.72445681647557,-25.3719300784076
-14.8509465955287,-25.0362605368419
-15.8688624185419,-26.1599735385946
-20.5363344053123,-26.3214669446156
-14.9076067471205,-24.509665693792
-13.9033623769017,-18.4011363427555
-18.5229067310504,-18.8475611945061
-16.2903431097192,-23.0669392792632
-8.28087517139316,-22.2444247975459
-17.9449219404735,-19.5724350950479
-18.4423866759016,-19.6182939484346
-18.3385537478666,-17.591551894735
-10.6306730649972,-20.725065601024
-10.2363118453972,-23.387911843122
-14.8948961925021,-23.4547168373207
-17.8406832936072,-24.534797025731
-22.2213037661507,-25.2697284258865
-13.7129925518075,-23.6544176473867
-18.3714167538257,-27.4825795530997
-20.8095760594087,-24.9384905207325
-10.0482875094145,-26.3018976733701
-10.7882983507026,-27.8655707659269
-20.5279888925922,-25.6399692444834
-20.3036945779513,-26.4833711984819
-21.0018371265357,-27.413594804193
-8.82658190288598,-29.9993364385198
-12.3479091624959,-30.7190445368645
-15.3969788288185,-30.7006749950728
-19.6945822685975,-29.2716292686406
-21.3231698708136,-30.1768162613248
-11.834978554338,-21.2240262523841
-18.2137859191616,-28.5245935636597
-22.1575337206072,-27.3908351941357
-8.3247921538363,-26.2221255783516
-13.7019545774838,-24.2169608906862
-18.9376058217424,-24.3938382123923
-20.4075382978691,-23.5971742003946
-16.1854659864205,-23.0060374478467
-8.23327497251986,-24.69757199834
-15.7264605960491,-25.1031192850482
-16.9764443252905,-27.599919452883
-20.3648016878743,-28.6581632601417
-14.8815379014534,-26.882023546329
-15.6634000784894,-23.3047504199488
-18.8267906549267,-27.8215911185423
-12.5443481007142,-29.8280255599741
-8.86671916397424,-26.2731119173811
-19.8079702949469,-25.7845871083644
-19.3793635366626,-27.124549309736
-21.2259405295838,-25.7955041485102
-10.1344349622269,-25.6884520472498
-10.9860893790662,-23.6202775617334
-14.2219800373559,-25.3369696544124
-16.4391728691162,-27.6532403754346
-15.9870210887434,-23.0842413587807
-11.7087277518471,-20.4326132655308
-14.7040208996376,-23.5416279148944
-18.0590855757841,-25.4688707156827
-9.25121005779306,-27.09189934723
-10.3066384304779,-24.8091789300722
-12.1653458226443,-24.240870642613
-15.3941028296842,-25.9473774950069
-21.1176810185546,-26.5147227195801
-8.08964349412165,-24.0536199971094
-12.2883742505833,-24.5652332630173
-14.1138047417536,-24.7766915355727
-18.9701270021738,-26.5414921730298
-16.4338939810645,-27.5543397864837
-11.9689136071237,-21.5022387740152
-17.5325301531103,-23.6528603847745
-23.4538468127896,-25.8241816766431
-7.06196270343565,-23.3258176052563
-14.8646749379967,-23.1060262628482
-13.7889359651092,-22.349463976456
-18.161256024449,-24.0706680730916
-12.576599448509,-25.8434736797626
-7.69167452010637,-24.8097838791689
-12.7154759405995,-25.4965211906261
-16.3467462620916,-27.7478996852493
-20.1186050713009,-31.0640380887963
-12.3026589960159,-25.8982463189942
-14.5178033188805,-26.1685046585175
-21.8954503601367,-31.1125332042956
-10.6901016519036,-30.0806236580581
-9.18157559106653,-22.8003595050599
-12.93340537297,-24.5838532588169
-14.2448986940504,-25.3003069444119
-22.2455211175931,-29.7578630000563
-8.38027096409227,-28.8648853838345
-12.9745875056524,-24.5834275944905
-12.2439747110074,-26.7779784666914
-19.151786124734,-27.4703253210616
-18.4450766541838,-27.5357800162608
-12.7058578597755,-25.6140736148182
-17.4839706127888,-29.0572031206619
-23.1538282423018,-30.0877669926482
-8.14374642952999,-26.0066239722413
-12.0416871200938,-23.7105574373407
-15.6075311128096,-24.2321629735489
-19.3929203706329,-26.8162460802506
-20.6475311920109,-28.6686028720371
-8.17498104978829,-25.5945869052969
-12.8877248762962,-25.3945532574119
-15.6031804710599,-27.8575084152466
-20.86965844982,-28.6652591462761
-17.178775586841,-28.3291397187479
-11.3460653668344,-24.3206219368389
-17.6022945703291,-27.1461149683167
-18.6251304316759,-28.8081497793988
-7.68280501548293,-23.8103910947766
-12.4385198889176,-25.0811943711058
-13.1582345438745,-25.7835593606821
-17.786706332606,-27.7160988049284
-10.6720420371907,-28.5045097713609
-9.65481297336952,-22.2730939946202
-12.9345131105666,-23.5844675781222
-16.527492196023,-24.0305892103576
-19.1437028622031,-25.8362116167091
-13.1706561256853,-22.1575379003475
-15.0889898534134,-23.4532001595797
-20.1759885504647,-26.6359310050856
-10.3563911535941,-26.5223284984822
-9.08806253316741,-23.5533570866947
-13.7596893795775,-22.0970200091486
-15.0359114003708,-22.8207016285624
-19.057683373518,-28.1348361353541
-8.06062690935076,-25.6904692949804
-11.1417209583075,-24.0305975356594
-13.7201330504422,-24.3904165055931
-20.8840811331204,-30.2392268346329
-23.6083461029701,-30.9138441522929
-11.3544325179428,-19.4690472917708
-18.7759903243765,-26.077515313249
-27.1696566431692,-33.4863022228656
-7.94757416235007,-24.2097466248394
-13.6193192322364,-22.3133336910281
-14.0468621180275,-24.2587192769758
-18.0896151260254,-25.4428425405797
-20.1156793190615,-25.666764277236
-7.73219937156852,-24.4015937121613
-13.1620570269422,-23.522991216378
-14.2526203857758,-23.4489967222835
-22.2287044095272,-25.4108930957517
-15.5898211809005,-26.7946310354887
-14.7110659346373,-22.8257657678268
-18.7639989428847,-29.1090479345019
-15.5248309022531,-31.4444036718791
-8.19685457637024,-22.4806062489681
-15.956469553309,-24.3245484523704
-16.3691477626143,-25.0700584262246
-23.1328775757284,-25.7196105016877
-10.1315781676929,-25.8895168935361
-10.2283303605818,-25.2994493929125
-13.2894359078486,-26.9483626708595
-13.9936765549436,-27.3707816568031
-13.6392310574384,-27.1368448157431
-10.6945390764101,-25.4295903548068
-11.6044241804415,-23.6452591090066
-13.9049441122462,-23.9674725566
-8.82140528047167,-23.2574304705829
-10.5804707157881,-24.2640208881561
-13.4532976294837,-25.2005642978386
-16.3031115036007,-25.1559136235956
-21.0887040596012,-26.2375169186507
-8.01578261340078,-23.4450356053555
-12.2335556528748,-22.1018468079037
-14.4338394290406,-23.0697741468857
-20.7270620239968,-25.3777870121936
-17.7255710500563,-27.257784540928
-12.1756088610817,-22.5729966444649
-18.0832422325925,-23.5921402452406
-25.2923953021645,-25.5676687361072
-7.27143133129501,-26.2599696338149
-14.0093945010578,-28.6427038299206
-13.4706009637471,-26.9763578609971
-19.9925814924388,-27.3756036877476
-14.2776254385444,-28.1950903059816
-6.87848314308276,-24.3036643075567
-13.0050808056249,-24.0375787499581
-15.8899608584245,-25.328331180515
-22.2849612681762,-27.4783944883641
-12.6934789587948,-25.8996885222125
-14.2721108023726,-26.9896835468327
-24.0783225763164,-29.2576693589607
-10.8983017829811,-30.3744327846797
-9.95978819204624,-25.8843456474424
-12.9636219570859,-27.966050368359
-14.4943935356174,-27.9652474370112
-21.0342996795442,-30.5844884091397
-8.53678497779017,-28.535363440894
-13.0799508905528,-26.3363288356207
-11.5775230250527,-27.439653877743
-18.5130877126392,-27.252345501481
-20.571403310879,-28.7335361034825
-13.3117978715773,-24.7433654765603
-19.963027282839,-26.2088198586476
-21.34569228697,-31.0381928373033
-8.54738546352768,-25.3055802057795
-11.5418141059172,-23.2504835737339
-14.6776783848686,-23.3853328943152
-17.1575288631146,-24.4606609103929
-20.4874131192393,-28.8470467954466
-8.69520350359915,-22.7892970066216
-12.4274077142829,-22.8019002773189
-14.8113082444838,-23.7531828701387
-26.497869570021,-26.1700532584723
-19.5636665613356,-25.0434915890204
-11.7550361241355,-20.7736662293033
-17.4379834655745,-24.3334826399076
-20.4965811109636,-26.8334215868627
-6.82387547384077,-25.1710841873609
-12.3101289995748,-24.3968826042582
-14.6778332603874,-24.6484764023485
-12.2271766317095,-23.2377212967609
-11.2755103214101,-24.7559604604152
-8.24504277814933,-25.0156773404787
-11.6644024198187,-24.5434215134668
-15.7825881592971,-25.6004887792403
-12.4270113997916,-21.994198292692
-11.328104906022,-23.9751120222112
-15.0217976553785,-23.6897678688633
-12.2201560890618,-22.6772332438942
-10.3310990048498,-25.6527482906128
-8.73288856319432,-25.6885258075235
-12.7707767681103,-23.7904239881021
-19.2668750155869,-25.3007402173147
-12.3599565811806,-23.9386135241909
-8.43066542496298,-27.7550380348442
-11.1009374464922,-28.473697204481
-11.7287237422736,-26.5063437740748
-13.4740374134621,-27.7421127663062
-16.4263856521665,-27.2908918519796
-10.0590071502382,-24.9161000825347
-13.1969391865326,-28.8419964348378
-14.4593352459441,-26.5994305452793
-7.8928575376269,-27.0875097549671
-12.4384768987861,-24.3449589131239
-12.7812146826476,-22.9969228264046
-13.1984098807361,-22.6645111938308
-17.1524030517482,-20.9018194200234
-7.18325363424332,-22.7682464656731
-12.6534588908209,-24.045280308379
-13.7728916419254,-22.1742933081055
-12.3083846559291,-22.7036794839025
-15.5286309154756,-25.4589617897193
-11.4629304534858,-22.660988294192
-12.7127918440216,-23.6424228567459
-14.4660156962681,-25.2197846985786
-7.06505355128105,-25.5898385846588
-13.5512960861022,-24.3685785639223
-15.604191642065,-24.3114770228059
-11.851893325532,-23.0684801782011
-10.1160765597603,-24.9491785034538
-9.05710530157924,-23.3302184495042
-11.478464774304,-23.2446227432526
-16.8069420664446,-26.1251135691861
-12.5691033816113,-20.9632727461882
-10.7194670673014,-22.5173398227147
-13.851538301872,-23.4148156879448
-12.5882680143636,-22.6436212134782
-9.7418006758204,-28.1261297924325
-10.2160764972704,-23.9433076171434
-15.019290697861,-23.9886869640973
-15.802690908223,-24.6935075513566
-17.8106271188864,-25.7092064608174
-8.58516338983776,-24.4755005101668
-10.9685834496795,-25.2057093183648
-12.8007179700065,-26.2292748502016
-15.3970358758985,-27.2876527673965
-22.340583044096,-28.7682248029675
-13.2368284997704,-20.0889864647393
-16.5648181710656,-23.9125455700125
-16.8606556621997,-25.5611234646372
-7.65769088113482,-24.3764717705379
-12.9077197976499,-22.8308193047475
-14.7019543031964,-23.710284343531
-18.5677198831798,-23.9924189353131
-18.2727752365243,-25.8485407408848
-7.30551614303941,-24.9058609135889
-14.1499507647373,-25.3014037480744
-17.3582412064259,-28.0559495289322
-26.9440197695106,-30.6941127917674
-13.4455546366117,-26.0233950827572
-16.301345032726,-22.1311550340281
-20.3955197394525,-31.2947066779188
-12.8437240099137,-32.5237220933926
-8.3907368128778,-25.8870218819988
-13.6541259764529,-27.0569905047627
-15.1320692194126,-27.8562140549569
-19.961299166957,-29.2003864537324
-8.57848840819199,-29.4053879863744
-12.9687146299019,-23.3940327535888
-12.0440115879502,-25.3557569998241
-21.6667651384749,-28.4868697053983
-21.1638825541343,-30.131456245768
-13.9159397540081,-22.1248897042329
-17.9719751533155,-24.618312434569
-19.9230932220108,-29.3595037661784
-8.93684716831138,-27.2220271566828
-11.2394596528512,-24.2299460304104
-15.885010398127,-25.1639066861734
-21.0209458302609,-27.4196833093718
-23.2382250342201,-30.073548667414
-8.75607959624419,-26.8288531163783
-12.002618195497,-25.9820097997872
-14.2894461371335,-27.980960484648
-22.840925571651,-28.0213445466313
-18.2519078323754,-28.9076007067466
-11.5162386735598,-25.8075480456565
-16.4253160443783,-28.7470436611299
-18.9344995656385,-29.3770881647443
-7.81101504461321,-26.2204867819322
-14.8707626968003,-26.159205235011
-15.2710411219365,-26.7947448628109
-17.0388619293374,-28.0289265688769
-12.7889190553036,-29.2587511632296
-8.45660766133376,-23.752313708283
-13.2150656880378,-25.0900528170508
-15.368092031362,-25.7141921035875
-16.6746223749406,-27.4015635277182
-12.6244028166371,-24.0456803962885
-15.3217518538489,-20.8677965494226
-19.4392080716394,-27.2042429273127
-10.7155624648801,-26.7111644044462
-8.97923250852188,-23.0374712612355
-14.5470414410014,-23.9626115146365
-15.5563192320154,-24.7975374106435
-23.1487485977833,-28.7441526950358
-8.85763028335785,-27.5325581372774
-9.88501624984873,-26.8407728101291
-12.7477111745969,-28.1300474537466
-19.2729135523723,-30.3303570357523
-18.4193047454261,-31.905287966758
-11.1168014675198,-23.4451934853862
-15.3136646613902,-26.9256843458831
-17.236725959277,-30.0081449034351
-8.06990632224493,-25.4736771204404
-12.7227623737174,-22.7344580871246
-13.1028331044779,-23.5262974071517
-17.5834073323294,-24.0090087064337
-21.6699230761974,-26.3636643038388
-7.80920831530361,-25.1189229249183
-12.8403465335348,-23.5093057095431
-13.1603458067451,-24.4484023031656
-20.8096960304396,-25.5207488807995
-17.8373438175558,-25.7818679512822
-14.5075593346306,-22.2722930051751
-23.1137698839911,-28.7694440070263
-23.667578169873,-31.0847249017142
-7.94536046942078,-23.2793604309496
-14.2036821602322,-24.5685556016645
-15.6088297246849,-25.0435029569263
-22.8091294789921,-25.9206031431486
-10.3977375995794,-26.8078079527205
-10.2317649179935,-23.1546767164967
-12.097718369032,-24.4232785588404
-13.9876052307109,-23.9967787801964
-14.3048272188617,-23.8488637129343
-10.6134439911723,-22.5848602950625
-12.6765823889309,-25.2550543607717
-14.0023378184815,-25.6826850005763
-9.0165863954134,-24.8021447185225
-10.0480603135375,-23.1334975804479
-14.1045108434182,-22.9855407249956
-14.0091070726462,-25.0005850065202
-18.6758328879045,-26.2729404987452
-8.72447538647073,-23.7263350208427
-11.0523673356451,-22.4632789997423
-14.0734869276743,-23.0148526984631
-18.5813463502735,-24.9276646637674
-17.094977512402,-26.4210938175649
-12.8933252047336,-21.6095194897549
-20.3621818622624,-23.9718423698917
-17.5132752412278,-25.6845975709107
-7.99558293709064,-23.8832419356551
-13.444704639721,-23.1512193153393
-14.6412777020585,-23.3922318886675
-21.2869972427979,-25.9401844120465
-21.6353033418669,-28.4602207513322
-6.66953379481068,-24.6862267357364
-14.1795792885879,-23.6263856808716
-15.8343027799469,-25.6346013259773
-24.9322626190222,-27.7702982157522
-13.8126198887566,-25.7138791027697
-14.2735116474529,-24.8129105631624
-19.9900856979648,-31.0794945060203
-14.9140218465594,-31.514353989421
-8.44648119464989,-24.2983050314477
-13.7019969836036,-25.90902413723
-14.6152076348602,-25.9992401912224
-19.5656637690336,-29.8576858316126
-8.8752293058815,-29.0157368094045
-13.0564662924043,-24.5347774990638
-12.3633885552454,-25.2643309907381
-17.9903639545865,-25.3938627717598
-21.0035044318983,-28.4726763296031
-13.311823082074,-24.3655595813509
-18.2999359126442,-27.1327271525037
-23.4461116203842,-31.5336172068993
-9.09782255456836,-28.5335193789997
-11.0181230454157,-24.1581642654476
-16.3098266554393,-25.2392642207747
-18.8436569343387,-26.2480493568192
-22.7611766631725,-28.145670155661
-8.95233626061048,-25.2294999274319
-11.5879811375306,-24.2868135174575
-13.7336093516713,-25.5159461735339
-19.9985016047525,-26.016552748126
-19.6272020505735,-26.0660900347508
-11.7859985415986,-22.3442366552961
-16.5764772392634,-25.7207570233371
-19.0395368584973,-27.525175471086
-7.17923738655562,-25.3182646411635
-12.6413420093428,-24.8831938620087
-14.1219503605284,-22.2048237018486
-12.486986496182,-22.8599148469241
-13.4208771688027,-24.0028937617204
-7.52874871809265,-24.535036370083
-12.2768844093108,-25.0379319799806
-16.4295927431909,-24.2868532738145
-11.9952223092135,-22.7250399507293
-11.8631558717593,-23.9333504321949
-14.0933644137524,-20.498288294595
-11.9759104828012,-22.7741501308129
-11.0004619571456,-25.5271545068658
-8.34781953754562,-26.0396995184875
-12.6868224610177,-24.2212442186363
-16.2964540968334,-25.2213569681993
-12.2167229426588,-23.9983703355686
-9.00844541318419,-27.6919710732895
-10.0346552926658,-27.2049971384728
-11.1770499148641,-25.9720968430157
-14.3939521540486,-28.0910403879389
-15.181074587161,-25.2871151035961
-9.93906450263907,-22.3160681963559
-14.4918232494117,-25.2192522126991
-12.4163892052968,-24.3389640969041
-8.51800810570141,-26.7154491328
-11.2108159821994,-24.8133172237519
-12.579649131844,-23.9109054129821
-13.7806508688436,-24.2600397213564
-15.7420231075762,-20.7716145493218
-7.5241293664468,-23.2653366977301
-13.3454777879763,-23.6650441064316
-13.0882967125842,-22.0968492898175
-13.0175582116203,-23.6760255373448
-19.422515655265,-25.4464279874643
-10.9524964182436,-22.3506629806165
-13.4618487573623,-25.5711799224446
-17.7681328887023,-23.9258556627037
-6.89433177831194,-25.1524668818383
-12.9703165280366,-25.3312484630729
-14.4087977067165,-23.6621725358336
-12.0946153334604,-23.5589839793611
-11.3713620613268,-25.27217650695
-8.30757869035727,-23.7432461767755
-11.7295557181787,-22.6061099635938
-16.3947829726807,-24.7322521644231
-12.0682274622771,-21.4902813497149
-10.8657936110537,-22.9835389689383
-13.1998528883008,-23.0535840558574
-12.153737350072,-23.5638386248279
-10.5890490160028,-27.4006541949353
-9.52395426533315,-24.1411463169924
-13.3295442979529,-24.1493153532542
-15.629479511391,-24.9716481002394
-20.5967590074187,-26.6837655759903
-9.29130812415904,-25.3810909015312
-10.3096048522993,-25.0511873364932
-14.3751410661036,-25.9033582732377
-19.1613497998406,-27.1468806798602
-16.6534969468142,-28.0358980160138
-11.735409639464,-23.1246916876381
-17.0186638538877,-23.9301307703629
-21.763991315536,-25.7798282971432
-8.19154014979744,-23.4311146205473
-12.1222487761434,-21.6330656687206
-14.9306707012211,-22.5040801597466
-18.0743657689661,-24.1800071661318
-21.0979772267031,-25.564177834689
-6.85093221815321,-24.5910808199435
-13.6361196193592,-25.0331158556754
-15.5337864097073,-26.7582368786076
-22.7179879168044,-30.2825708004655
-14.3388210076264,-27.4577916521419
-13.2999037179215,-22.540154813502
-21.9743019465405,-28.3851778488447
-16.6049771243229,-32.3863421339967
-7.67452799659889,-23.7638519538845
-12.998820005555,-24.4857904080542
-13.6781241621274,-26.030276007786
-23.2297175970599,-28.8660392165709
-9.56917389640855,-29.7784713768228
-11.2852849341942,-25.0639687449533
-11.7636740379796,-26.9477151584216
-17.52551364854,-26.837458533069
-20.3620409035121,-28.3801363213605
-13.2782366877454,-25.3278158588951
-17.5492462998414,-25.0088112440991
-24.9593261180244,-30.4063803348864
-9.01652881339631,-28.7793874377799
-10.5149163463662,-22.7610586787672
-15.3623446242256,-23.6151186879843
-18.8415602039954,-25.0669030816667
-23.2254671132182,-29.1935889266295
-9.12543533490545,-24.463429908528
-11.5713039680794,-22.6440363612593
-14.4172141186965,-24.4475607718899
-23.4401824927686,-27.8475876479127
-24.6453138050446,-28.7356017275387
-11.6395441080592,-20.971907010291
-17.0091356299576,-26.4547179079363
-18.9775786211728,-28.5234185906985
-8.03451443750518,-25.7488340264296
-11.5689463141348,-26.3497202375657
-13.0302902810947,-27.885429551911
-19.0396626377112,-27.8753395536397
-18.1677846462942,-29.1538619251205
-7.40656040821112,-25.3916880795739
-12.5608534951719,-25.0738316474208
-15.5700629866916,-25.8343633188229
-20.3120691823521,-26.1433882289172
-14.3112875873458,-25.2567339421894
-15.3645992029734,-23.6317771729911
-19.4269297893413,-26.2870391129313
-13.3158375765459,-26.698873815431
-7.92630603641,-23.3534990099526
-14.5493414142142,-23.7949667704621
-14.5765549056584,-24.8631734455465
-18.4215067993722,-27.7145895939671
-9.36699036931927,-28.4862688639267
-9.61284810071859,-24.8215363791098
-13.0234291567701,-25.6637212511271
-20.4826794218529,-29.088190355808
-24.533839925768,-31.6313919904698
-11.590200785164,-21.9499652998101
-17.7136335458701,-26.5603278357886
-26.2457524343111,-31.608172921735
-8.36808339018973,-25.6576378801321
-12.9776274982398,-21.8128335729872
-13.6192834409125,-23.2045710242944
-16.5056755090927,-25.4000848614171
-19.5688856545919,-26.8811154611303
-7.95664541038804,-25.1660027474536
-13.511821197692,-23.3960393304732
-12.5632185392861,-24.7679423614737
-21.8619021979561,-25.4275204253711
-21.0837471814672,-26.6640316503482
-13.1559205792898,-24.7895046623793
-18.156642231546,-27.684747743551
-21.5944498655148,-29.3214368827666
-8.28417197680959,-24.0098713879318
-12.9254429160482,-24.8713969263148
-14.8228444292586,-25.7452020265892
-21.9320933319976,-26.2210832013349
-12.9409841468476,-25.5625068406263
-8.59478860230155,-25.564978294714
-13.5134548184497,-27.4876326355654
-14.1234492784713,-27.7173031460333
-13.7871956433774,-27.5591591408869
-11.2571911916489,-25.5020626564113
-11.0992575770745,-21.6456794805568
-13.2721346716987,-25.8933355394743
-9.63258730318445,-24.5365851240428
-9.59958037705695,-24.1135995565761
-13.4138354653931,-23.9075772001233
-15.8291589450836,-24.753382312608
-20.3169391434914,-26.2139957613287
-9.09224678927458,-24.6212720667507
-10.6341700766448,-22.696333569836
-14.5331302698888,-23.3213197441942
-21.6898417251154,-24.939993705915
-19.2827856457173,-26.5980139063073
-11.8833554957142,-22.3928543323058
-16.4957061690523,-23.8668110566819
-23.7983809578484,-25.0692064516136
-8.38712557843877,-25.3313632787073
-11.7560085526189,-24.8180670986179
-14.2525879263044,-26.4045971450496
-18.5492180435599,-27.203453380373
-20.5990924094955,-27.4265993565816
-6.6534709097467,-26.8376801080577
-12.7590613466015,-25.4728790933716
-14.0911204329986,-25.9132427326866
-21.5215290683185,-27.6429011344566
-15.407049381386,-26.917585286937
-12.4133979629348,-22.9998615479636
-20.1588987230206,-29.715148670142
-20.5802077747379,-32.5797796262879
-7.6439955351085,-24.8362157973339
-13.7907016134206,-25.8820101241816
-13.3234364054065,-27.9543218929896
-19.2709080943339,-29.5247098782798
-10.6705867502739,-30.0519203505519
-10.1356589844772,-25.0371398247548
-12.1514690990616,-26.1922135076728
-16.7897399984828,-27.1296466079606
-20.4199696912657,-28.6580903727624
-13.1187576794519,-26.7874259719701
-17.8926814581103,-28.271500284739
-19.0906408371036,-32.5912168600357
-9.97161235638932,-29.7316045832449
-9.64708233086939,-25.5133467488262
-15.0373604013364,-25.4321628491855
-15.864913915042,-26.2366365006402
-16.445414914674,-27.9961336156624
-9.24552987806576,-24.0654920573607
-11.5341304717733,-23.0959731693949
-14.3519532430575,-23.7171429003643
-22.6694633059339,-25.5456610119523
-26.6519926392086,-26.7773817591584
-11.8536452683626,-22.0998324206492
-16.6214393776525,-24.9975070504659
-23.2168999103169,-26.6661196073001
-7.59882636015374,-25.5591652892306
-12.305178212473,-25.4167547008587
-12.3825707615151,-25.4282434861243
-13.2404018537084,-24.7960778961402
-16.6217696387532,-25.0461812293434
-6.90130480399011,-24.8967333624078
-12.4673467730937,-24.2940316197148
-14.0961338497671,-23.9526329995828
-12.0418499085219,-23.0045301081199
-13.6964513435261,-24.1942480750406
-12.5919016508929,-22.4785110238639
-12.3071312732178,-23.5990745189794
-13.6147718440112,-25.7412685865249
-7.28068199440572,-27.4080360756024
-12.6880534880728,-25.0558366087013
-18.1085431921952,-23.1852636394582
-12.0908002463415,-25.7055772647635
-9.87865104445505,-27.4056328795193
-9.17158839299518,-28.3638686360003
-11.2293576420144,-24.5532107155185
-16.6620520190046,-26.6473965335734
-12.8487619259111,-22.7996773738565
-10.3687928784841,-24.8007212499842
-15.313728096079,-23.5500003076923
-12.1847861351925,-22.5317422673883
-8.86581757048971,-26.6160212243737
-10.5854234312415,-23.0205247277295
-12.7356261551312,-21.9707772189406
-14.5177450455759,-23.6378746879865
-15.989023767694,-21.2985475041593
-7.90909782990249,-23.4120555939511
-12.3345044789614,-24.3057281450442
-11.8109892787249,-23.634903932766
-12.9230211780027,-25.3948908248997
-17.9210101906081,-26.7633418770969
-10.7289798259411,-21.4344176976557
-13.9207248253588,-26.6926201605103
-15.9226575819012,-25.1140807065646
-7.23035366471214,-25.6808853707012
-14.0913552288491,-24.3245729305341
-13.7070399016484,-23.4667825660781
-12.5535445015152,-24.2124703126018
-14.0777143450313,-24.3630912529219
-7.48712806519404,-23.9492157494315
-12.0552580729584,-24.3937208875475
-14.9119838590426,-25.9490223640921
-11.9578443003301,-22.1610883978617
-12.2658980297272,-22.94026886679
-11.7651516068988,-23.2652240783653
-12.144066828371,-23.4896932782838
-11.6156762629873,-25.9024649996726
-8.29810632580593,-21.4332777009513
-15.1115065520726,-20.5641910996338
-15.5089462156582,-18.6829917512463
-16.0174764857328,-21.5713688326703
-10.4095656047422,-22.3626219157721
-10.4879386723941,-20.4268203448507
-13.9788500077436,-20.0147656474253
-15.603202625757,-19.828999326196
-17.3769853664469,-19.4061456417469
-11.4718652625758,-18.3841027909438
-14.5469371586181,-20.2650101405286
-15.7102608634453,-19.9581043737422
-9.71942125660395,-19.839106302333
-11.8877806543385,-21.7951939051323
-16.3883069589072,-19.4953609635516
-15.9019797606747,-18.9244236072127
-15.0830308684947,-21.529532357171
-8.16235605968714,-26.2556179809238
-13.5748972016221,-20.2931347876179
-15.3286381327113,-17.1111865491622
-16.3677284422776,-18.5652655137912
-14.2681066468671,-18.5532851761832
-11.8760829558276,-19.6049186438603
-16.9044671197197,-19.7456013606723
-17.0724655063732,-19.5250866643774
-8.24245078347502,-21.5353393435499
-17.5262720787494,-20.6265691717709
-18.8097862427067,-19.2631233812472
-17.3063016434213,-19.4462683110486
-12.2271160460239,-20.9458139828021
-9.29828702463428,-22.9375390057939
-13.8392624349909,-22.0813422308911
-16.4975968746583,-20.8307926220241
-17.2055937753479,-20.1291377673859
-13.3351547196869,-20.0445757335368
-16.7696347977256,-20.2530562294947
-17.5299113165076,-21.1915350981756
-10.8248986906933,-23.1526076953066
-10.2954435023825,-24.973338511762
-19.2125486048918,-25.4706094553527
-17.7058480810945,-25.9354961754816
-18.3323805685061,-28.2142112811293
-9.08020646380695,-30.3612892756729
-11.5196800961119,-31.5225911509937
-13.7468378740074,-30.1970260775297
-15.8600882471506,-27.6047082635019
-17.3318693119536,-26.2794422141172
-10.864916903309,-19.166106082268
-16.5774892927136,-24.1727578388622
-18.8602473971648,-26.1866613054115
-8.31425288292747,-23.8154126202994
-13.176909148177,-20.4368933155604
-15.5141689411706,-19.6301307935159
-14.7631250974638,-20.1481922079476
-14.6203981397092,-20.9161587481158
-7.79660206917056,-23.8029721136297
-13.3697960000815,-23.8595205756211
-13.9608081784333,-22.5091027199677
-15.0752096868138,-22.3589868173277
-13.0259724956001,-20.4084113641386
-12.5054648333502,-20.5969737186293
-13.2246478509311,-19.5614982831827
-12.4674667084392,-26.3678587112782
-7.76317847901399,-24.8957870141379
-14.5054756654662,-21.0018783644026
-13.9566072626468,-20.0221183015637
-13.3576642843124,-23.9377123464832
-10.0829780465356,-21.9777056291107
-10.1599968566183,-23.6954415912086
-13.3388060488889,-18.0828250210686
-15.9939279731977,-16.7815080984518
-15.7301624819649,-15.7615665587153
-12.2598931139046,-19.4920246136428
-15.8588619957177,-18.7483865813514
-17.5382451689204,-18.5585411437514
-10.4401727917144,-19.754792959949
-10.7551950561042,-19.9334293465035
-16.7411954704685,-18.4212111707753
-18.0206291139741,-18.8835883310718
-17.2176176500351,-19.3995552283634
-9.41383055824357,-22.5096095756073
-12.3601700344088,-20.6668548820687
-14.8806341817419,-20.1313868152055
-17.8910464314132,-20.7338910828287
-18.3602947244774,-20.3097730657775
-12.2698163001657,-20.0489881131726
-15.4779331547933,-21.2458890442901
-16.734106007165,-22.6849273182382
-8.64050822369316,-25.406808366136
-13.2586842385054,-25.7034172872086
-15.849290484174,-24.097953934093
-15.8331566866972,-24.7379570438283
-14.577701234576,-26.800899116072
-7.72913842434592,-29.5953050581641
-13.9194360460898,-26.3076394374528
-14.6523828047756,-24.6080651005289
-15.6077148521782,-23.5306927284802
-12.6968323193938,-22.8850647252417
-13.0873049470953,-19.9952199266723
-13.9063406560679,-22.4426136598343
-11.4648232317755,-20.1039487536822
-9.5369941718459,-21.9833869442981
-15.5610304215706,-20.3641294476179
-14.3716296661915,-19.1084409740468
-16.5846673497488,-18.8433183413923
-10.1228524290214,-20.9267129958959
-10.0935370284937,-22.2695818529822
-12.814664972336,-20.9308422427409
-14.3604726507674,-20.6812259397188
-14.3576932610238,-20.2547986489101
-11.7645486047513,-18.8213785450734
-13.7688105155332,-19.6724091230324
-14.1457251023167,-20.5919127977134
-9.22113180132575,-21.5526970485102
-10.8407053873472,-21.4626513181519
-14.7147955192272,-20.2007128380573
-16.3856100102881,-20.2068946061398
-18.1061432707083,-19.4514178863438
-8.86978817509041,-22.1011468870163
-13.1705629172301,-21.7245602487668
-15.099477196899,-21.3575380450787
-18.5750750727302,-20.3420417095135
-16.4502995846928,-20.7487328351722
-10.4185528232442,-19.1736597618444
-13.9482350049531,-19.7038674609277
-14.2492607739882,-20.2368174356281
-8.31941446236378,-22.2688212241059
-13.7199676790217,-20.8396246534969
-16.8952879639938,-21.2688891588047
-16.2585893122735,-21.4202721883687
-12.7962388343858,-22.7824528328782
-8.54607500541559,-24.5503768756896
-13.6898441133673,-23.2558423773733
-15.8607214964568,-22.4329017937473
-16.2935309202946,-21.9456959927121
-12.2676129502461,-22.3882929338527
-13.976453465283,-24.6410485436373
-15.0316490973881,-25.2523688319401
-10.9193291146961,-24.7806955116058
-9.27396572703968,-28.180983180776
-15.0145736284534,-25.649990447045
-16.465962044728,-25.3919295875554
-16.2449990602846,-24.5081859765652
-9.97048979986963,-26.3772445713672
-11.1621073238492,-27.590421255564
-13.8978446092163,-29.0869572199251
-16.6036829240989,-27.706832439386
-15.6909826674193,-31.3693266055187
-11.8138160539211,-23.8850677778403
-14.2143934912247,-19.0522420566023
-13.3971949127031,-18.3349821212672
-8.92898688018733,-19.9836671893236
-10.81864974289,-20.863075930351
-12.7406894378987,-19.3356060042163
-12.666874311163,-20.314522085081
-12.8148934125157,-20.3346407460225
-7.95059542800127,-22.1704126112875
-13.4130529609393,-21.8577676423643
-12.7426871152508,-20.4591348647084
-14.0066160473173,-21.6487874103852
-12.8123158024183,-20.2790435984405
-11.8659447295229,-19.5122298362195
-15.5984204568834,-19.6781429648938
-15.5871614341261,-20.9046980851942
-7.94214430423954,-21.6373512957837
-16.4138086651479,-18.5979670596322
-16.2019733810745,-17.4399361705746
-16.4192484245646,-17.5903854785788
-11.1566462489707,-18.9034898023358
-10.4428885047674,-19.9025637895854
-12.7314291466205,-19.883741733324
-13.8112302078484,-18.3648728007308
-13.1506599665756,-18.4392231140847
-11.0954465228137,-18.2341589445266
-12.4691756271432,-17.8922081559844
-14.3238577569301,-17.644729370824
-10.0511995187999,-18.2736947126489
-11.1870485178464,-21.1690795602181
-13.9119293391753,-21.2190252101486
-15.4711775437894,-20.4551352139256
-14.5216980094674,-20.435816508441
-9.57647064545789,-21.302455881016
-10.6897350051586,-21.7040228752152
-13.2932101646796,-23.1099154177743
-13.5470836649286,-22.7049126347177
-13.5867102794498,-24.300727505947
-12.1724372921428,-22.7234100276951
-13.4834367512079,-22.6639413188549
-13.3599691195078,-21.3297393458049
-8.76730483377123,-22.1007484255032
-12.4207617175595,-21.2422017069538
-13.2352768388652,-23.0986579546384
-13.4701034989545,-23.2790900625915
-12.1391383160503,-21.8364048715744
-7.27921728937943,-23.8259238964509
-11.9142565025939,-22.3868279875395
-15.9438069833535,-22.7588635744624
-19.6313970853847,-21.5178360185784
-13.6500287738842,-23.3821669274062
-11.364339716227,-23.5585545325713
-13.0444883316016,-24.8569957386414
-12.2423014733187,-25.3066624016859
-8.57680238027908,-26.2410222468101
-14.542537046885,-26.6869391186861
-13.2843129482307,-26.8466063859591
-18.7137927854119,-26.7092164607696
-10.15727997576,-27.2642157775796
-10.0261928393115,-26.4095837182371
-15.420477908806,-27.5918305438277
-21.5769016828179,-27.43365401603
-17.4422850214329,-27.4643012050275
-12.6788022808154,-21.4476171159652
-16.2937122976552,-22.4767416140741
-20.1510120893199,-25.313599776379
-10.0289553444036,-25.8911147148042
-10.994836123868,-22.6060041768486
-20.4120471566881,-23.4050062187485
-23.6277966998074,-24.4746731193029
-20.7422408048275,-25.2214763345717
-8.31537444355466,-28.3984247853009
-12.7812988420346,-29.8797385930192
-15.3522363014165,-31.1383537214263
-21.2042108949721,-30.8317550491688
-22.950072293092,-30.6460634783146
-11.5976260054911,-18.8181786371868
-15.9855704351872,-26.7996319756492
-16.7363686679307,-30.8939142998967
-8.13969856748065,-26.7053704416324
-14.7110810492523,-25.5441491759318
-17.2057313052025,-26.6858390933023
-19.4224074364644,-27.9867875732362
-13.655862694583,-29.7534847402992
-8.26744483913595,-27.7945132647861
-15.1674249915343,-28.6975501041801
-16.5733619923122,-29.6817555546561
-19.4928403661202,-29.1255482392061
-13.9792351056444,-26.7231801126585
-16.1364306422937,-26.5245362866463
-21.5109248177342,-29.0943084310926
-11.3880742767672,-31.0494290433565
-8.96960900887875,-27.1467369539493
-16.2801655467589,-26.0581725107663
-16.9290994418093,-24.4637315460494
-18.1652452288499,-26.0562121839896
-9.79539447495556,-28.2760989186948
-10.8501631778931,-25.05693042091
-14.5537270778385,-26.5744560280502
-18.210889737673,-27.6951323250738
-20.1851435329137,-28.0113066720686
-12.221624110137,-21.6248664360647
-15.7003661694259,-25.0710997950151
-17.1720895002641,-26.960567246366
-9.27090229299294,-27.6923850325275
-10.8165204832325,-26.2214487338456
-14.1858833062425,-27.5436999357548
-15.7210257415553,-27.6711393196104
-22.6653181423386,-28.7372855767289
-7.79877704637637,-26.0701921904366
-12.6221428668416,-25.4982953813347
-15.3529102791801,-25.4201360289141
-21.3236032842043,-25.4542325080431
-19.6987527282503,-26.7864676415308
-12.606788006904,-20.6686905523137
-19.5467375665198,-25.1572709161377
-22.1296120128596,-26.4107289056591
-7.73368358513772,-25.9467741824742
-18.3061313260893,-25.2538506733379
-20.3317467359888,-26.8228173713163
-17.9242453755866,-27.8552353392177
-11.6352588201974,-30.0031622410742
-9.09212100366591,-29.7821887363705
-15.0510469079138,-28.8195451849539
-16.8311169352893,-28.2395896454426
-18.8777557802691,-29.076378623138
-12.2364734472191,-23.5685038923294
-15.9963947249423,-23.4298686448417
-21.3263117350545,-28.5065892800206
-10.3693042184367,-28.335543508843
-10.2638372650141,-23.0975828834543
-19.3382257390234,-23.4855347477443
-19.4876502327469,-24.2061698521545
-19.3170020594237,-25.3562329817521
-9.25009889849416,-26.4953184497614
-11.5985847133534,-23.6304443584578
-15.3615281794912,-24.4093824380247
-21.3622318681188,-25.0827399044403
-21.3885596331786,-26.520226862505
-12.8574161567033,-25.6027247769207
-17.9925083624094,-27.2926004001459
-19.7471275137667,-30.1505751319632
-8.84062609126183,-27.1115028661395
-12.7697982246266,-24.9275596384991
-19.1915620759704,-26.0356450365324
-22.5718727810702,-25.9253799810226
-21.7355573460125,-25.4756664648635
-7.58618219639771,-28.4239900999735
-14.7642878616223,-28.2574119818484
-15.3236809916025,-28.6846495872494
-15.090866638072,-27.7795955474874
-13.8711183142604,-26.7463371782513
-11.4320209460717,-23.1915978440691
-15.8080347304324,-27.6796819424798
-15.1970212656111,-27.942537365823
-7.92098836640414,-23.9942074407259
-14.2831192997804,-23.5768400667904
-13.6231510244568,-24.1848012493665
-17.8920876520277,-25.4563135082175
-10.6864691743931,-25.282939133358
-9.54846073219397,-24.0272399998206
-15.7229105935796,-24.5824275878456
-22.1531234947318,-24.9262826274526
-17.1872524689837,-25.9689463258855
-12.2998546111568,-22.5119700528709
-15.0795917387449,-22.142154427287
-21.5203009571921,-25.2885712671274
-10.1389073582516,-27.1931156992984
-10.4874324060201,-26.9618656201672
-17.5192339572623,-26.5881927315391
-20.1414285226589,-26.4176649675424
-18.2487103356094,-26.9121076519482
-8.70267684946687,-27.5821902450247
-12.2618964333062,-24.5632390188448
-15.3668259434578,-26.1270903886116
-21.3536597854866,-27.2488945159267
-23.0289390800689,-28.2927699103603
-11.7814593788564,-19.2306088906455
-19.5248200686921,-26.4146760294396
-19.7444734959617,-30.7147385327212
-8.21387149357052,-28.2154191282003
-13.8419994551629,-28.2724424412168
-19.625690333439,-29.1332434110373
-19.7134916276404,-29.3964534974026
-16.241295652025,-29.6503459891772
-7.83441381836332,-28.5954622498586
-15.7295086516808,-27.1821153128068
-17.0340562068123,-28.6691673086521
-21.846862229327,-28.9972601281182
-14.8968065427563,-29.0705687303721
-16.3250025583081,-26.8340916474741
-19.7110650118725,-30.2514490918247
-12.6402219281107,-34.1997354685314
-8.65900346925674,-26.9950798786644
-19.131830048569,-27.9299037574696
-19.9285420630948,-27.6489211119642
-18.7064112248933,-28.0295572381293
-10.1114606011388,-27.1005358747525
-10.8702710926955,-25.5310362854807
-15.1262999088487,-25.1631934436104
-19.0412900359228,-25.6347328362899
-20.6840281632504,-26.2202997125261
-12.0262223280845,-19.6003406370377
-15.4992041269122,-22.2154218132458
-18.9985944208926,-27.2766395187032
-9.85738718352887,-25.7950936810784
-10.9534309288085,-24.9933827391977
-16.3470596828631,-25.2209234988591
-21.0815222095836,-25.4041266319911
-17.773279586535,-25.2342399333515
-8.47767546784734,-24.1864596221173
-13.4624964593246,-24.45756674682
-14.5659785998257,-26.1600440591307
-17.3334913876102,-24.1221996707196
-22.0308183712739,-24.7688821136866
-11.7331694764314,-24.6776410380169
-19.8372923106218,-25.2109137990272
-19.5168022294462,-25.7168389442343
-8.0164745174132,-27.3700944312507
-14.7010523280994,-27.0044982302119
-21.7066996390233,-26.4115427376447
-19.9183443616017,-26.761722088883
-12.6753335374503,-27.0247313995146
-8.79955804899926,-29.4900173198667
-15.8874837470363,-29.8799063770067
-18.8280204784468,-29.5584927889265
-20.1612678645389,-28.3632685017468
-12.2107358878096,-26.3267494018182
-13.0338883935474,-27.7598657078811
-18.9197299009926,-26.3396055590057
-10.9987712149997,-26.806093119097
-9.86438246906583,-22.2342136146428
-19.8807624295395,-20.7661497342123
-20.9599303072406,-23.793380533833
-19.856408775504,-20.2596340477123
-9.99243832493713,-22.3194382535424
-11.6265485254807,-21.5877859329869
-15.7284528902159,-22.2211111805151
-19.2943638894241,-22.4937670415532
-21.0795753933724,-26.7183705869709
-13.3636018759132,-21.1356716085421
-19.0599559181467,-22.4878640644225
-19.7645240477459,-22.9650906733957
-9.56285200030361,-21.2334356806786
-12.3878344205218,-20.6765991000328
-19.7438336019399,-23.4003746749119
-19.183156677422,-24.1362738656405
-19.5614834630765,-19.5054768546391
-8.12246808019658,-22.7527525352807
-14.9000062903106,-20.4684303972438
-14.2796046672484,-26.6112465105311
-14.3762805364218,-22.4677309579811
-14.3717123832567,-23.2533653464795
-11.3867048496112,-20.5964194105399
-15.7149139912022,-22.363294247851
-16.9026100380893,-24.065129164073
-7.57114243585885,-24.7712715670276
-12.8765900087127,-24.1759629572655
-13.0666051561704,-24.0303885106489
-17.3448002324077,-22.7725348751848
-10.494586145639,-21.5240079078809
-9.49464174484836,-24.1172539839544
-13.1180161233774,-23.7123455736531
-17.6503293083357,-25.4733798764851
-17.9138693005815,-25.0523147498691
-12.7823296425043,-22.9519999470392
-14.8251316192295,-22.1009822765255
-19.2026692553467,-24.4155022640682
-10.5910694386179,-25.600974525311
-9.42678675994376,-20.7149737352518
-14.1019812875159,-21.5707004384885
-15.2964678378946,-21.748179758664
-18.6786719283868,-25.12174928491
-8.11658689928477,-25.8839995822554
-10.7738861748508,-25.8579651019077
-13.5438270274011,-26.6528222832139
-17.6955795696601,-28.8725613075335
-19.4028243452224,-28.0977183068686
-12.2415019974599,-22.6443810164681
-17.0599450503432,-29.6453449249223
-20.0245089930586,-29.7953247830755
-7.9154658452553,-27.0770028578087
-13.3886336253811,-26.2460322757645
-12.870452773223,-26.8527789898292
-18.6917967801525,-28.94578718247
-20.5940603718482,-30.4579142415964
-7.77233478661896,-26.263960748284
-12.2486314446678,-27.695583435748
-14.0276466983292,-29.4634035000941
-19.2985079853029,-30.0131800915984
-14.9630851874639,-27.2689948201888
-14.6537234162569,-24.2138690978596
-20.715320287241,-29.4037270268171
-14.062112235556,-30.0824364876692
-7.74338388137458,-23.2195541719474
-13.3601974898569,-23.0626395104106
-14.8334950652922,-23.5251971736851
-20.2776880760144,-28.5438739200008
-10.4178300681116,-28.726653467143
-10.1280576833721,-23.2343799786503
-12.8040408172358,-25.272365064744
-18.2368419805567,-27.0338755590682
-20.2341782225471,-28.4161360191058
-12.1737114814665,-25.3751968738908
-17.1868096226079,-23.6785120176175
-17.9664379710043,-27.1606296983654
-10.0386760108311,-25.1382247483757
-9.98699928469849,-23.5638711045781
-11.8029923286658,-24.469319914141
-14.5632024118067,-25.2785509101855
-20.3225584639581,-27.9347520191756
-8.16716782282583,-24.668293802668
-11.4720359204007,-24.669164759784
-13.3887903714965,-24.007341051096
-19.2678415743579,-25.2426866932202
-19.9257706274336,-26.6854692497192
-11.5361046994268,-23.9413370116558
-17.6501682093052,-26.0216581231126
-18.0801904566992,-25.8800107938015
-7.33596432846132,-23.7525174191405
-13.5642187844929,-23.5060520159508
-13.4507210713415,-24.3201278340429
-17.7245390419745,-26.1173083841534
-14.2298575606941,-28.7519261486051
-7.18346276282342,-27.1544311636816
-12.8188559176291,-24.4770476753441
-15.3090831490323,-26.3735659418262
-18.5898088145477,-30.3534271943395
-12.4940652264236,-27.4809145154737
-14.4688765192871,-24.3156595191587
-22.713668311441,-30.2161917233747
-10.6180899426087,-31.3666136407649
-9.60813586638047,-21.3234533431387
-12.5328651211183,-22.9907784774458
-13.4764050139641,-24.0488784535161
-19.2474866374919,-26.1962472458781
-8.7434394046332,-26.3179759026545
-12.1212363670777,-23.385325032043
-11.5825457267801,-23.8037885565653
-19.3296761159047,-24.6567953518196
-18.9686346500494,-25.3908239554111
-12.7740117828511,-24.8817521008618
-16.9606892496571,-29.2309355985268
-18.7424886615192,-29.0344593228234
-9.57438270035812,-24.4692817716873
-11.0272968223232,-23.0214748476149
-15.2681786451666,-24.42837363413
-17.8361867653607,-26.4379662739835
-22.2434696208258,-25.7238540163459
-8.26722708359473,-25.9543352063595
-12.1304157729337,-26.9755459495969
-13.429682843247,-27.4652652995749
-13.944225339635,-27.3438857535581
-13.7247129017564,-26.39786819203
-9.90705457442346,-21.7015207014328
-12.478190786765,-24.662586360513
-13.0195803687245,-24.7598248391421
-7.60680527813844,-23.8208469346982
-12.4135554360531,-23.8461856162594
-12.6814204480675,-24.4700678155416
-18.0893805768306,-25.1163062298843
-10.8753272311781,-25.7921835752226
-9.09264769026395,-22.5561871349585
-14.1468365781333,-23.1121733081627
-18.9960610332185,-23.898767310708
-18.1339066433029,-25.669308315898
-12.8942908354805,-23.7572425397123
-14.379830786374,-23.3328361537701
-17.9550521279789,-24.499719924369
-10.3836440764462,-25.3658561523777
-9.86392827618391,-22.3240388042364
-13.6124914615575,-23.3305096432443
-15.536028267342,-24.0724705460411
-16.7423290579018,-26.3992838116823
-8.36707084458462,-25.5567172579539
-10.5770350629812,-23.6446037155967
-13.5377782250713,-24.2489622688746
-18.8332438646548,-26.1962715510043
-18.6599947615589,-27.3328478206867
-11.6570998305695,-25.3755190009484
-18.2562113042032,-26.6196327922649
-21.1288777552606,-28.659883803692
-8.11216786303076,-26.1050374444516
-13.2881385731759,-25.175794587794
-12.2593827496588,-26.239352638195
-15.3928644750423,-27.7591305420285
-16.3246510204052,-28.3551931298438
-8.11133656233692,-26.635560890886
-12.4827550350208,-26.1475253404233
-13.2076167691791,-27.5474793007078
-20.2289846642928,-27.3908083892168
-15.9828399096749,-28.502634043847
-14.5919206085232,-26.6525699740261
-23.2352573999954,-31.5572051257365
-14.7092429733667,-32.8382503899982
-7.65623583911212,-23.2460464213427
-12.7714445998921,-23.6481220017764
-13.6415587752879,-23.3717613480259
-15.2720349004217,-25.8527504101564
-10.1368928701973,-26.7927792511018
-9.77018774864871,-22.1491647272576
-12.2461362111976,-23.066671495297
-14.9968808835836,-24.3214802755312
-16.9465749049072,-25.7184644184932
-11.6707238250176,-23.2389414599125
-17.1865545294038,-24.887530547585
-23.7588994216261,-25.2501581419808
-9.70009659786916,-24.9889407253991
-9.50262721536526,-23.7190094628236
-11.402943456376,-23.8537753626008
-16.0501372154232,-25.149217541272
-12.9980088817366,-22.8679279920114
-7.91534823342666,-23.5983877609788
-11.7958579340325,-23.2490777298308
-11.1053048378091,-22.259614134666
-11.8027267429675,-24.3489134090785
-16.9371441288728,-25.2187387455498
-10.2517544147349,-21.1048805064054
-12.9885956854505,-24.3118640115725
-15.0504622246131,-23.1103338112875
-7.48119244190649,-25.6889526340531
-12.5177235272217,-26.1580666238969
-13.2827729736422,-23.2164689373927
-12.5140228126178,-24.5000810173236
-15.1546690306149,-24.8254847799207
-7.09846799679125,-26.5078956227571
-12.2388179920018,-28.821590032956
-15.4630019236018,-27.0696836150477
-11.977714806117,-25.1233815946272
-11.4845950117439,-26.1612151950238
-12.48345455249,-21.9427216212963
-12.1790466366536,-24.3503543032627
-11.6424182867693,-26.9672595144139
-7.78479478759343,-22.5112330274663
-12.8986970063221,-20.2588972559042
-16.811513306213,-22.3279490071918
-11.8285277279731,-19.6832004024207
-9.60756533047012,-21.827353166316
-10.3263267524091,-21.1256427644755
-11.1809356729627,-21.3345379959062
-14.2215018390343,-21.6987093448346
-14.2358997973023,-22.5069676387264
-10.751423875716,-22.9413920847401
-17.4177972684569,-23.7052399362693
-12.2608460135162,-21.1383150194192
-8.98335520652798,-21.3379852815248
-11.4948490238004,-19.8584745086835
-12.6314629656706,-20.4966239090501
-13.9836182852936,-25.5860948985924
-15.5498216123716,-18.4579980699801
-7.75678108333497,-21.6701596961093
-12.7919094751249,-20.6510141420533
-11.5862357028806,-24.6912953799177
-11.8093851326198,-22.2791351613372
-15.3534764160846,-23.2889637608833
-9.38816674904822,-21.5499976462356
-11.8958027388705,-22.9476135789348
-13.6907671882581,-23.1412439206925
-7.82064678747028,-27.5407817710978
-13.4473431156581,-28.4407712897609
-13.5159105304675,-24.8956013953544
-18.5916045327985,-23.1115225082517
-12.9166020237589,-22.1410497005194
-8.42943042043974,-25.5098962235494
-14.2723282031023,-23.8696192033827
-17.2662437698745,-25.9006333763207
-17.4527160664811,-27.1526487526322
-12.8626017784974,-25.6325599380258
-14.1366863431455,-29.7349795098498
-17.1238485908104,-28.8233600401464
-10.9529724737186,-29.8046651094014
-9.18404761465933,-24.4237967843868
-15.0993715080515,-25.6889738296085
-15.830969966838,-26.1256944106998
-18.7638256483808,-31.7608963816731
-8.75200612040368,-28.4215760416793
-10.1250146498229,-28.3892683256864
-12.7754233915432,-28.5252156124269
-20.2511700716757,-32.0478364115782
-21.4730265459976,-32.1008495466676
-11.0711876508937,-25.2258213033422
-17.2653916584971,-26.3922144068494
-19.0828517723337,-29.0264770434601
-7.95391950296832,-27.5445574206431
-12.6292850550464,-27.8555761372611
-13.1334168648387,-29.1874977176635
-17.6315949921856,-30.1356532762549
-17.8448672945275,-31.9139944416007
-7.88432810267112,-29.2763840877522
-12.9768810971258,-29.0858814917755
-13.4675676810208,-30.1991581878929
-18.8183720307,-30.5930695760293
-16.4048912841249,-30.0168322615682
-14.6783935375961,-28.9113638720568
-21.5066728051744,-33.208365618851
-21.2425705115591,-35.9417561042706
-7.36679596416306,-29.6575394049283
-13.8724976892312,-27.2976371242376
-16.4137055906367,-30.578379445314
-23.0515775023059,-34.1224086931346
-10.8428179169226,-32.2166086657748
-9.65380157377581,-25.0606324345141
-12.9197289291911,-26.9191388121473
-19.2626601228993,-30.4951264277926
-22.0587043219736,-33.1675739648659
-11.8850911284667,-27.8085940279709
-16.2939876461132,-29.1497545542215
-16.5517124586352,-29.1681052038908
-9.98643853216347,-29.9170051206759
-9.8136910714863,-23.5759287648126
-12.7587613129031,-25.4624739580825
-13.9387623051737,-26.7950859247424
-26.171574391666,-32.734859932936
-8.97314347637298,-27.0124230679226
-10.2382414724228,-26.4527347030832
-13.3205503645827,-26.7381616109604
-18.5087626190051,-30.0601578047056
-18.4674455824887,-29.0954340115287
-12.36424108803,-24.0781590748258
-16.2920623779347,-26.5334350923209
-18.4147212949934,-29.144420284485
-7.59349114730534,-26.0171232707202
-13.3447023980105,-25.8571458275984
-13.9953938208743,-26.3820808766036
-15.8252047660531,-28.3893858196651
-19.6489812788995,-33.6863749443621
-6.70643345534344,-26.6780533661785
-13.8873527979969,-27.5858775316451
-15.6706157766032,-29.5374229839072
-22.6642692372006,-33.0750364613687
-13.3686821634111,-29.4300367933213
-13.8192360454715,-21.2262155543736
-18.4787956855606,-27.1798782071906
-14.8213564962117,-29.7897954205377
-7.91469113390279,-26.5953037098774
-13.8916759658409,-29.4490030134734
-14.0839403697152,-27.7801059835461
-20.4948613949184,-30.9126234093881
-9.37022090662003,-31.0654216255905
-10.8773142679006,-26.2116034867907
-11.8408099423538,-29.6188886583026
-17.6527859517926,-30.7015381472131
-22.3881731272429,-36.9633659627669
-12.7624378557705,-23.9161415078958
-18.5618624294634,-26.6097620315519
-21.0525396493888,-32.994216476674
-9.75647740283903,-28.2915853377274
-10.8621870030919,-24.4244990702383
-15.2403097092126,-25.0894520290078
-18.4055258156867,-27.7573260947832
-22.5724794310796,-34.5481476692218
-8.69458324381477,-27.102161053532
-11.0890223762416,-27.3757329289148
-12.7494142730617,-28.178331722881
-13.0057574573092,-27.5523771473908
-12.8763510628306,-27.208982040936
-9.95832140078265,-23.4641023462404
-12.0189108077103,-25.9213056763186
-13.1790837023908,-27.4264690750612
-7.683893180624,-30.4790252689074
-11.8831240611122,-27.7155699982081
-12.1940819605833,-28.4229016855542
-17.8532507554943,-31.7601279298289
-13.8348598610817,-31.5412895983298
-7.6069968996727,-27.6069524925132
-13.8408615572456,-28.2861617882164
-16.40530177345,-29.6321420129842
-17.7376591681756,-29.0946415669368
-12.721146709484,-27.7613059804905
-14.1944561076577,-29.149702369847
-16.8720226458697,-29.2240005271935
-10.7136067982664,-30.6964284523098
-9.22408636096753,-28.0354854908819
-14.2550574052349,-24.7933174746375
-15.6287368698406,-24.6197834727769
-18.5369711171848,-31.3394469547944
-8.55333403311684,-30.5930182711179
-9.35894613548111,-28.5574794692744
-12.6931983009772,-29.9923806168027
-18.8315590654091,-32.4168326306193
-23.3005363923939,-33.0953325528328
-11.6294517471216,-22.4936319077165
-16.0940369068863,-25.6285129167161
-19.0246572955067,-29.0565234839076
-8.20495306913401,-29.6863889723809
-14.4748678607867,-31.4076612112615
-13.0470195433936,-29.7904604038839
-15.1323810006882,-31.9489496667061
-17.3681822941754,-32.6155197341316
-7.96405505101518,-30.6101720710156
-13.1702952789062,-30.1875747439694
-12.9010032229277,-29.8329841917299
-20.3676819608376,-31.6843817105241
-19.7625372187313,-31.6432982395268
-13.1270943472624,-22.8391376905542
-16.3299055601876,-28.6890737833564
-16.9248572010448,-30.0477649266738
-7.80279222756,-25.804021660752
-13.4583503711019,-27.3067630041653
-14.7251199708906,-26.4422316863932
-20.3651524397153,-30.7251695432084
-11.1984002694253,-33.0085810993215
-9.80926165759377,-25.3391688874757
-13.5825122562125,-27.2425170562623
-17.8793471830678,-29.4394119219533
-31.7101127392098,-36.7852553449331
-12.5563435429443,-26.0306039071966
-14.6230296748205,-22.1078941060997
-17.0690929624324,-26.6895946329932
-10.8019976989602,-29.0294266319225
-8.390755314193,-27.884076902773
-11.7866125238027,-25.9823884420789
-17.8814101494757,-28.1933899318222
-11.7238588934959,-24.5776690046747
-7.9832966027543,-29.5361490156307
-10.6366675110663,-29.1622789265764
-11.1457927669346,-25.5649213515536
-12.8333224826277,-28.12142799366
-16.202201569659,-26.4775558329015
-10.2628817908812,-22.4839412571592
-15.5848675693626,-28.1551661313653
-13.4839572695166,-25.3134326512087
-7.7078275087781,-29.3058099581568
-12.0262986163955,-30.8712600259137
-12.4067524113752,-27.2875816676343
-13.1151250584421,-28.9178178089273
-15.5661755404214,-25.5925921943417
-6.74701749217366,-27.4703547897645
-12.7800565331007,-32.5992907969146
-14.416757818699,-26.4506991452593
-12.46652582103,-26.3346915576239
-13.0142531775241,-27.6536612371029
-11.324404363855,-24.0744629479989
-12.6144019603078,-25.4716333616607
-15.5119288413934,-27.5171972843763
-6.87678642175319,-24.1132204145612
-13.5345677691448,-22.5854053998199
-16.9472501685925,-25.4679457726967
-12.0967239429118,-22.3935930562079
-10.302077224635,-24.2909421216287
-9.02121063011557,-24.7263769295999
-11.506032887294,-22.350846959867
-16.6961459715257,-22.6520429619344
-13.1226284972455,-23.0171950711614
-11.5860278487805,-23.5998738475924
-17.5067299253287,-21.1903720718524
-12.3424593780276,-21.5967887217911
-9.6572280405368,-20.6859092851613
-10.472048604164,-21.0539282070615
-12.8169002263558,-20.1327885139814
-16.0437867442794,-29.484972864798
-14.9428996744111,-18.3398502234784
-8.06568389793193,-22.192359979652
-12.6243905447595,-21.583427489825
-11.608505767913,-25.0915131360053
-13.6144060859909,-24.4618554519097
-19.024348160061,-23.2690130464965
-10.1525849284452,-21.0771484231766
-13.6136060580796,-22.3415515505464
-17.1143187695146,-22.1845481512618
-23.0005769959762,-29.1378354116888
-21.452539141041,-32.7981749512509
-23.0231412952972,-23.8634912422888
-26.7771242114478,-21.6093246568954
-20.252029452818,-21.8782285289849
-21.0481550176079,-27.1701886990893
-21.6323809673268,-24.8783757711053
-21.7176163103155,-28.3030447744567
-22.239380066502,-28.5999776033278
-23.4950488468833,-31.1803959225001
-23.5230802449457,-30.0198624588191
-23.2139207260204,-33.3985562373909
-22.9195994110216,-35.6204778899421
-22.7047305100175,-35.8732631279446
-22.5664887967536,-34.9934636578737
-37.268395104685,-42.4142138260662
-24.830982151554,-39.6397632579502
-23.1669468702732,-40.6825394978835
-25.203672457806,-37.3528456206832
-26.5683621622036,-42.0721407379914
-26.412949492074,-41.2180056525353
-27.5427248589387,-41.3261892857223
-28.3003207325787,-40.1574371221789
-28.2467090454372,-40.0917502746875
-28.0972901293569,-40.8404188191726
-26.7988985774111,-41.9096810239366
-26.3142714779479,-41.2985725882704
-26.0826116158746,-41.8137927955253
-25.7957343650199,-43.3539738120434
-25.9565739656224,-43.9376028074407
-26.5314028534019,-38.9593744012092
-27.4301975042279,-36.7230804153794
-28.7306054316275,-38.4004789924727
-28.2898200911771,-41.6352453428363
-27.2621827908148,-41.4629839813064
-27.7192544582791,-41.0147616537012
-27.9662868783534,-41.4397772164875
-29.3335168593851,-43.3763745471566
-35.3359776702614,-46.463109055987
-39.0838115729697,-48.8414642660564
-37.0913939334943,-49.3497218697833
-39.3379098750282,-51.7183736961445
-40.0107393194984,-50.7243772823598
-39.739483213062,-54.1815296258889
-26.8160356699649,-40.7068446254435
-31.3565282764614,-38.8121190485604
NaN,NaN
NaN,NaN
NaN,NaN
NaN,NaN
NaN,NaN
NaN,NaN
