NaN,NaN
NaN,NaN
NaN,NaN
NaN,NaN
NaN,NaN
-93.3837867426657,-96.0808157014912
-90.8455233552639,-93.4038234325042
-91.4264776460662,-93.5488059047063
-91.3519676055172,-93.5177699592441
-90.422994606203,-93.1139759308645
-90.2432711425798,-93.0367039202721
-91.3354087512128,-93.315853241279
-91.2584474617226,-93.3232396223651
-90.5535865355422,-92.9630502756931
-91.0872422114816,-93.1673744344426
-91.2867243431709,-93.1988693926076
-90.989683107675,-93.3464653028542
-90.6332324221243,-93.1592989536445
-91.3742496273078,-93.2591521996294
-90.8650673379307,-93.1512384609192
-90.6300501946003,-93.1422473433999
-90.8608719312424,-93.296217422505
-91.4194775136972,-93.3568830177359
-90.4763983949386,-93.0422439803226
-90.5348736384296,-93.0307101529162
-90.8485887340052,-93.2147029381829
-90.5327993960886,-92.7178900535496
-13.5537375005153,-40.7510017334237
-7.21525278114002,-30.7942276430769
-11.7466763044312,-35.5115955139435
-15.748689602511,-39.6537224658994
-19.5702306693341,-44.4663003222345
-22.719632918508,-48.9734968543374
-24.126370968055,-50.3267463234125
-10.3109226116211,-32.7064325974073
-8.36883817624546,-32.777823604792
-13.8060149089408,-39.6428562454609
-22.8500672115944,-49.683808233251
-29.6309579408482,-55.6727177334595
-31.6559944310494,-57.4822188111162
-26.2417974222689,-56.064215755043
-7.84446511738909,-33.9170841252397
-9.59795494667114,-34.3847664471362
-17.4691231485121,-43.4229635192123
-18.7013480135967,-44.3603313547196
-17.2838553830218,-42.4853263482706
-19.4357022754336,-45.7963071607848
-12.7962547300241,-35.8428347768229
-7.7423600173128,-31.4487391620433
-11.932202286075,-35.2188421409488
-14.0549023859634,-37.6692933433647
-19.1693015775452,-45.3453393796267
-22.3573144962487,-48.5409481617585
-24.2740006740151,-51.2085862136924
-9.17807052148767,-34.0594575952845
-8.61172501111526,-31.7669571674121
-12.7272511393962,-37.8835125290427
-20.7626375118329,-45.8041194470546
-22.5819553352185,-48.7109370636722
-26.6209179232853,-51.6035455614185
-23.0996244655597,-49.7854515170239
-7.88349335791212,-31.8867225099063
-9.64232031586961,-34.1157221326308
-17.3327482541849,-42.7930221569675
-24.2100751342456,-51.097826307665
-28.7863533270025,-55.0906406225578
-33.5528465802888,-58.6897642525026
-13.4541989448629,-39.9948479041676
-7.74452161078542,-33.4014676384026
-11.5850451530752,-36.6418297661869
-20.5088961826866,-46.7877546077372
-17.1863967590294,-42.659910131583
-18.0812384675752,-43.6273856193726
-19.8070191849707,-45.553212909935
-10.1864159642214,-32.3086586741632
-8.38769910015513,-32.0716936192395
-13.2129945736456,-37.0338647037583
-16.2389852992452,-40.4178921840836
-19.9398287300268,-45.6376907486406
-22.8451965907955,-49.2315589101294
-21.9965016260112,-50.6401145862049
-7.98704817657218,-32.7960790023732
-9.07916486383097,-31.8154750032884
-16.5307913960128,-41.5611243228983
-20.5295316046819,-45.5781383757338
-24.6902537493527,-51.429606788806
-26.7741777317437,-52.9609790026625
-13.2310713652298,-36.6032660815983
-7.87214904017046,-32.8419180539223
-11.5214132036572,-35.6042832354437
-19.911451339591,-45.7640690816429
-29.5430768166416,-56.1675390272548
-33.2283686823616,-57.4996987975251
-35.0222939528414,-58.6730421205207
-9.70355310888527,-35.3785890282804
-8.41940689687799,-33.7090924260701
-14.1525002737604,-40.670780476124
-21.1394820090834,-49.6053513887197
-16.2487701165153,-41.2467867327195
-18.2466152702899,-44.3505226167765
-19.0027226781073,-45.4744517987759
-7.88272790731334,-30.7901005054655
-9.81806023120039,-33.5463831768955
-14.0045379052696,-37.1754507332711
-16.9355015539688,-41.6500771174736
-20.3310572280085,-46.5596842704738
-22.7256048132418,-49.6682545354579
-14.6193567689338,-43.2922616640912
-7.25782987659639,-30.2487141030709
-11.7540288257112,-36.0355360781441
-16.8876113966506,-41.1409517679506
-21.4182467132529,-46.620515542966
-23.1484637885802,-49.9826287065108
-25.3608313085783,-53.567743720664
-10.0503483992314,-33.4222611686452
-8.49516872429144,-33.1837054020178
-13.9252108400443,-39.6539786735997
-22.9258557786271,-49.4534159015311
-23.4973851121565,-51.7906114381008
-25.8005475723666,-54.4606515986532
-24.4737051497841,-54.2660824841846
-7.90318459938805,-33.7430941363494
-9.55104692949727,-34.492406306442
-17.2898694538611,-43.3410802993675
-18.7470919015423,-44.2943779142673
-17.5768516847448,-42.4547607184304
-19.4576241997282,-45.1674628700996
-13.3892744850394,-34.7589560121198
-7.83986781865763,-31.1431021595399
-12.3336864870746,-36.2764979058799
-12.9857183702484,-35.9541038329042
-16.1191224291171,-41.8529237550889
-18.8383767104183,-43.9837944297801
-20.8410144783457,-46.7650241127124
-9.12887101571526,-34.5848485989065
-8.85241110194533,-31.8047150965512
-11.8140127156316,-35.7342562455887
-18.5522143485441,-42.6895058548201
-20.0953349045137,-45.6748528502484
-23.1019412238063,-48.080402968824
-22.2304980178531,-49.4019731491433
-8.22121858611341,-31.6342594209168
-9.55287803848427,-33.7349637993
-16.9461538333892,-41.7959042792263
-25.0128141517875,-51.9177426478939
-29.6524745863437,-54.9956154784076
-20.1743329789367,-49.508176123288
-12.104954901346,-38.9443585088203
-8.04610875604918,-32.8232090997016
-10.4583756251472,-34.2757825292094
-15.6978271756305,-36.5833339055185
-16.7743561214021,-37.0683952558822
-14.959680403534,-37.9859218918888
-15.6330120916366,-36.6059487109754
-9.89493537834882,-31.5809682019583
-8.19485653391642,-30.3518967726881
-12.3110185855556,-32.2045419606606
-13.6041291307504,-36.8768091361344
-17.8868832641435,-36.628009728253
-21.8624563316138,-35.566684021012
-17.8680897195109,-37.5537138702794
-7.88684958700601,-32.1506130404684
-9.13101162496579,-31.8039205087205
-16.4923824070024,-39.4982823063674
-14.9602891008077,-40.3700582578028
-15.963391125422,-40.8219191304361
-16.6448557950738,-37.3902169099577
-11.7776614419693,-34.6834661511064
-7.85712554048844,-31.6406300008582
-10.8235051813988,-34.8359703990228
-15.0221535544967,-36.8646372751523
-17.2177007547079,-35.4220816784679
-24.2108050499904,-36.9119704013109
-31.030039961553,-38.2429065643263
-9.99206550299668,-34.0148805243352
-8.37095614820324,-32.4146279071629
-13.8242969441858,-36.5301428714281
-21.2049029907555,-38.7623974502791
-16.6372638217666,-39.2487878616147
-18.4487544308321,-42.6885763744038
-19.1726008828981,-43.0867053157673
-8.2796893628272,-31.0626439819007
-9.83311363566325,-33.4651555302013
-14.0604500367508,-36.9584689209077
-17.0415290194273,-41.9030291398199
-20.7783042773349,-46.4600941234351
-23.2340648614267,-49.120244624943
-13.2036066705999,-40.6768254906061
-7.46827082026364,-30.7218267837454
-11.6617768765031,-35.7022536242175
-17.0767578361842,-41.5037360651782
-21.650656126033,-47.6487876550082
-25.4647237591976,-52.2965986815137
-27.0729880784902,-54.537593122484
-10.0369100345235,-34.2202225191367
-8.35768236248151,-32.4759940904679
-13.830310491711,-39.5771484628863
-23.6509610810296,-50.6525909031527
-30.5039518976869,-58.2170851445838
-33.4583054049168,-60.2447807291932
-23.1404894600613,-54.0938748621921
-7.87754299730789,-33.8362243515772
-9.69073496610865,-34.5238800017133
-17.5489559460193,-43.6966063772778
-18.0857910130973,-43.947930834513
-16.7599999165909,-42.1267760045506
-18.9167958697074,-45.3514904987205
-12.4589066782492,-35.8173750093405
-7.67596992495049,-31.0763120130123
-12.0719152696254,-36.2424490249872
-12.5972290271469,-36.9636091035404
-16.2820981101246,-42.4270055422962
-16.2264027254107,-40.8684558878553
-17.691051710218,-42.8100624830213
-9.8469221028424,-34.1906689532853
-9.02304147822297,-32.327514680211
-12.0644558754114,-35.5088520976184
-20.2066674429909,-39.9138464747567
-19.662905416162,-43.1634928902939
-14.1324753979028,-40.5722234963652
-15.2101246255558,-40.4313180870192
-8.24086816103511,-31.3557296142473
-9.37044912914063,-33.199728757611
-15.8233314043378,-38.7876294747824
-18.7891981806984,-39.5282865978943
-19.819762927712,-39.4704952907106
-23.3285611661749,-36.3388465819432
-12.1697336762356,-36.7692172526044
-7.92914434731616,-32.4917588653042
-10.1041168958634,-34.964903968873
-14.4188125100628,-38.4340781634895
-15.2422532709508,-36.1163240197807
-17.283652221932,-37.3937064296163
-13.7899817508378,-37.8528622286498
-9.92099961856363,-31.7009716634214
-8.26226469160692,-31.8424604648816
-10.762046623161,-33.3110470140812
-12.2682940985485,-33.7701305186542
-13.8496288396273,-37.4479355473352
-17.0902223198286,-37.4156251493256
-17.7399307656503,-39.9778231593462
-7.83653260434699,-31.8291345802878
-8.87413611857141,-31.0241519024846
-15.129089427003,-36.1885282286943
-17.3001274273709,-38.9107266317756
-19.9033093985299,-39.9140429697051
-20.5952959878153,-42.3085811234888
-13.6287740571405,-35.4596706287877
-7.99179120562406,-32.1417703153392
-11.3466602426575,-35.4039566896484
-19.3358838986464,-42.244507457041
-27.9318366883869,-49.64010329477
-30.3562614595562,-49.0095540473588
-32.674624092288,-49.9988743931831
-9.73495733115783,-35.7656816581463
-8.3465668772513,-33.2809422374944
-13.9229306932826,-40.2537264836404
-21.4762974726609,-48.2386616171193
-16.0318425298367,-41.3736411385104
-16.2187039568328,-40.0224843117109
-13.715135291953,-41.3163526517904
-8.2057044044986,-30.7929034783254
-9.69599352053075,-32.5075037893234
-13.1766772324587,-36.3886076014696
-16.0696559256383,-38.5408049299077
-19.1262199144654,-39.8982829191656
-17.5282701909534,-40.0405250347876
-12.4837982695597,-36.3740563964492
-7.67799556195722,-30.7338785276424
-11.5421493764377,-34.8489445968981
-17.2207801196443,-39.2683014975678
-18.3772518616538,-42.3273924323511
-14.8763504152416,-39.4329776702371
-13.3260830988285,-39.282033170173
-9.28896125666049,-33.1602992512558
-8.27740428045425,-31.6591097052133
-12.7608350295527,-33.9686786610827
-15.2906692516444,-37.3796636860156
-12.6327390533239,-38.3409499187017
-12.9689266781067,-32.062357830444
-14.4064725031252,-30.2847463949292
-7.9826146751703,-30.8108076305036
-9.07178757278455,-32.0003737193982
-13.9737954087733,-35.4306150267011
-14.5011977697036,-31.9091717859557
-13.7237735373337,-33.6941538871192
-14.1600074875366,-33.2427051132039
-11.6576290676246,-31.4996271701797
-7.97905742466561,-30.391709754629
-11.3787270395901,-33.0696250019699
-12.7231211228514,-33.8526648944881
-15.0829725036321,-36.3274879136293
-13.1605554502478,-36.7549418285147
-12.8936273769429,-36.697359943058
-8.91339019483129,-30.9821570169833
-8.61015183765709,-30.4864327666468
-10.5321117834744,-35.0883165078935
-12.3150633064812,-33.7881101326005
-12.6514188673509,-35.1193027655929
-17.6975847058992,-32.5933425378151
-23.3056326329966,-32.2879099343567
-8.00895224312694,-30.1246804855092
-9.58039496628508,-32.0325499002101
-17.1896234701348,-33.3387248135415
-25.7238264564456,-36.9962299160466
-30.886274916681,-33.3443726929975
-33.331042235949,-41.0258865031958
-13.1259051638617,-38.245680639
-7.80407392268157,-33.1874872704245
-11.5445259250638,-36.4072603997329
-20.4509913051947,-45.1976015015267
-16.4579388188975,-42.1790836851171
-17.4614508256348,-42.5823041955255
-19.5658965996374,-44.505703923363
-9.86305844853962,-33.2398354635488
-8.1943288977016,-31.2969054612949
-12.4506969340862,-36.8330979065336
-13.6430246937732,-39.3531363374104
-16.6240758631591,-41.4972649977387
-18.6753236331334,-41.4071177792021
-15.3234494626068,-42.0545417409323
-8.13834854711604,-32.3950808692921
-8.97883490175415,-31.3828885270626
-13.8906343009188,-34.2899077886744
-16.2203706531403,-35.7621130275542
-16.338046763622,-38.3636234602109
-17.8500661625596,-36.4618408548355
-12.5073275276769,-34.4067807892019
-8.0348892718254,-31.7122161063879
-11.3679132447366,-34.7865361922016
-12.6092917397253,-38.1222712913229
-12.402672706978,-39.1986437704578
-13.6309503832873,-32.3145665579124
-14.8321153083406,-32.9085585038864
-9.33019121343533,-33.0534332697846
-8.3582937708782,-32.3076726608805
-12.1594127124095,-35.306375765133
-13.8082355429598,-30.8166841982517
-14.4510531680218,-35.8005649587007
-14.756321941243,-33.4135451144332
-15.3910987023926,-33.180753092005
-8.19712847678931,-30.6000649407587
-9.43245604970756,-33.1072217651754
-12.4123185037333,-33.7695285082459
-13.7761066076209,-35.1234824119473
-17.5501518754443,-39.1813094619719
-20.4953481719018,-40.0503869148956
-12.690999509389,-37.4135770839046
-7.32907793900333,-30.880955476949
-11.5576253655546,-34.5732857886904
-15.052159390899,-35.8133050359191
-17.9925643511479,-35.4127306475688
-19.6041712376243,-33.9316458223454
-22.2116067719117,-36.254767980848
-10.1239958993439,-32.635320974135
-8.19745368822487,-32.2844363976026
-13.6450424546069,-39.2289504051324
-22.624241770338,-47.5862787652555
-29.1081070282893,-54.938561503895
-20.6867374012925,-50.5964481179022
-15.8061065702589,-43.7174506604973
-8.18695259463209,-33.7241018670507
-9.44279297571292,-33.6719332926005
-15.4849568914174,-37.3484966858353
-16.4655121746132,-37.9624231799107
-15.1434999634949,-37.2826369110307
-17.0622841636186,-37.6272327124233
-12.5449712770401,-33.6605074860707
-7.9708427942058,-30.0595039672162
-10.8684047316684,-33.846011529609
-11.4326326718228,-32.3344932980323
-16.8715105730238,-33.9619974317352
-12.9967549761787,-36.5714944960167
-12.4229737243447,-30.3648767056306
-9.28329377151546,-28.6734658194024
-8.94544115451452,-28.9013237259218
-10.8614668131055,-30.2818280018449
-16.001501792375,-28.8364691792449
-19.3690824200356,-32.1400829576504
-20.3263942613673,-29.8564933869869
-21.3961951712791,-33.5647724839079
-7.98889279741874,-28.6114872922346
-9.56102946937084,-30.9980835736302
-17.2876063597562,-33.8979951551753
-20.8634385498411,-43.5046249462192
-20.2588167955818,-41.6388897781908
-17.4549386368997,-38.7712669618343
-12.5549486527565,-35.5517005988065
-7.97895927518253,-32.3366563460832
-10.8155819255918,-34.4907878432565
-16.5699433986397,-37.2679850219351
-16.0390754040278,-36.2042361520604
-14.7888938092683,-36.2970567643217
-15.3474365942926,-35.513714975265
-9.72514407597751,-31.2668131438105
-7.99175767716843,-30.0753112348664
-10.852833382243,-31.3100775993472
-13.0141801899779,-32.7834686137545
-14.7906031711507,-33.5901920032254
-15.1747513520616,-33.1520661905336
-15.7996503843974,-33.6066265303397
-8.06823778785444,-32.081419002627
-9.1628156786341,-29.3790482079261
-15.5051182381769,-33.5111088611937
-18.8257283525773,-33.1667181021813
-20.8124261391274,-34.5988068323259
-24.3066985625621,-36.2090735085818
-13.8993807666642,-34.8320716131634
-7.90191983423062,-31.5029637784855
-11.4760149887397,-35.5116536202747
-19.6103922843326,-43.0190867442524
-19.5232872640906,-47.2228033070844
-18.4843928926622,-42.1848967833663
-17.4446726583683,-38.6569739588503
-9.7310251908335,-34.6791855031026
-8.30872272541598,-32.6577537406996
-12.2411129027796,-34.1946484089585
-17.2361518822111,-36.1266058788351
-13.9548935813511,-33.9571955657671
-16.2965519108167,-34.2722947316307
-19.3806441740745,-36.1574106324769
-8.17991793735237,-30.8990493341425
-9.37042071239119,-31.4423165105065
-11.4542230082126,-31.0124441461562
-12.6998974974455,-32.4768261781547
-15.1969172520369,-31.5657762192822
-19.2349312411649,-31.4970561761426
-12.1511107387188,-32.7620362212899
-7.81202248711071,-28.4117291972971
-10.711395744012,-28.061320664829
-15.6819453390129,-30.9845686606758
-16.9223842668526,-31.0639144948689
-16.2087195144295,-33.1188007454442
-19.2742291600139,-34.2395552449171
-9.92138317607988,-32.3526560896431
-8.4461564308087,-30.7726069525119
-12.4569431719924,-33.8747731923739
-20.2837597862216,-36.9253663193297
-17.5537155672094,-36.2552820139179
-18.6862594553284,-36.5387370862388
-19.1579343277549,-38.1470325135527
-8.01494918594316,-32.1953454942228
-8.73899876352009,-31.5026689810646
-11.3256198220181,-31.9590003961851
-11.7563052417638,-31.0881395675973
-12.2930765784979,-31.1574865252342
-13.5502019628742,-30.7329181122937
-12.873172887282,-32.1159756334026
-8.01563037918938,-28.5414586673469
-11.1059484858296,-27.8867727492423
-11.6391492984067,-26.7145324076578
-13.615632340778,-29.6938792732043
-15.9413359038255,-30.0870781382539
-17.5560342773132,-34.3582166318166
-9.53330221244473,-30.8901020074442
-8.83716333515556,-28.5665882850648
-11.3035925168515,-30.0485971687296
-16.5493320731427,-31.6556239584946
-16.9407499954906,-31.1061418733387
-19.8613657749352,-33.9609319497058
-20.5288867182243,-37.3582956331797
-8.33200552111396,-30.8737984852236
-9.5919422645292,-32.9283565282154
-17.1097968256574,-38.3056415251895
-22.6019796049807,-37.0988044664051
-24.4062307185943,-36.5371503253085
-18.2421865349067,-39.2510710007713
-12.481786594815,-36.379772757811
-7.9393182136121,-31.6206412085311
-10.9874215758769,-33.9665795994779
-18.0181575650157,-37.5361050608039
-15.2334416914022,-35.1695170055945
-15.6255918201956,-35.8036617453716
-16.9883261274243,-35.3044559018268
-10.1472101150747,-31.5037314322855
-8.08747592769659,-30.5248524277604
-11.2952576552956,-31.9190145120794
-13.836227260812,-35.2536793693787
-19.3963534334088,-33.7683882122547
-19.8387572630759,-35.8287147736814
-16.0296325586261,-36.697221657972
-8.10982829611134,-31.1144119941205
-9.22040273262423,-29.5442972996622
-14.3675480015465,-30.2921312474678
-16.6659889862791,-30.8670327278157
-18.7941614050808,-31.9525128768386
-21.2603136239331,-33.661337652977
-13.042614416551,-33.2735343496236
-8.18484481734879,-31.3033491093154
-11.3554529273973,-33.5901971466381
-17.5241841312886,-37.2793694645862
-21.5738577335037,-35.0525611992941
-16.7782697189735,-37.503306375156
-18.3448461682391,-37.1664900701033
-9.93199968129743,-33.2748829717302
-8.2394497828295,-31.7584960201356
-12.8757313669346,-33.9554292538881
-20.4486921624878,-35.3544892533971
-15.0766323042149,-34.427476206846
-15.3231967269135,-35.1913775447524
-15.2138865307577,-35.280494488769
-8.15650826605628,-29.938885400044
-9.61823192878084,-30.2498595106917
-12.3763062404149,-34.1288854961045
-14.7441484454767,-34.5164155634763
-14.9290051828089,-32.1632475752281
-14.9961049240576,-32.3323633029222
-12.4629938411077,-31.6545970848891
-7.61003622240252,-29.1725962320825
-11.3172474454673,-30.7242523536138
-16.3528552268284,-32.691772480755
-18.2256353546478,-31.5407157274055
-19.7098596995252,-32.1140389511221
-22.9693872565669,-34.128113986183
-9.94638232940125,-32.0050371315515
-8.27530290597766,-30.4305809358082
-13.6501183141285,-35.4954238242399
-22.5754005436489,-38.2664216309296
-16.6945750513908,-36.4033543997463
-16.650182441352,-34.9882054670482
-16.2589517002919,-34.5784686520925
-8.32497482387818,-31.4646256784392
-9.28742787660479,-31.3310536892917
-13.8945479686964,-32.7096280650661
-16.0260151333969,-32.4186046581395
-13.7111784590033,-31.7912077436561
-16.2931674325991,-33.1840348876964
-12.6681955953972,-33.0405218865975
-8.04281376219871,-29.705811219376
-11.2462595285559,-30.1622506196682
-12.299512299299,-30.0250897434682
-14.4829911557078,-31.3703191155086
-17.5793859590176,-31.430344750551
-19.8162534973054,-32.7627442870193
-9.01575685536926,-31.5395872034247
-8.54868597806585,-29.6310867932745
-11.7154646741819,-29.6575854055726
-16.517170326281,-30.3825453642096
-15.5921348173262,-30.4966360953051
-15.9396540020261,-32.0858088833744
-20.4800215177,-34.9342543580593
-8.31292604696059,-29.8090768710586
-9.28884348455459,-30.8634991777539
-14.198675149256,-34.2953948689166
-19.6273264475942,-35.2707305496503
-17.3719354205258,-32.1422265437798
-18.0937491083638,-33.8212099381925
-12.8822089005378,-33.2123122170953
-8.05278300885869,-29.6094380548935
-9.71566998797158,-30.504772898679
-12.332183093842,-31.8432638206364
-11.5706156776322,-30.3138590020985
-12.7972559350247,-30.1974349013477
-15.6589338675063,-29.8159772934912
-10.2997540868364,-29.2810564824224
-8.36292775165302,-29.0451832425288
-11.3445567519876,-28.1118635642851
-12.6395283351646,-27.8749226408445
-13.8075673928998,-28.6576348312092
-17.16371157745,-30.6364108954295
-17.6930972254399,-32.7712473620538
-7.70860096678306,-29.2165492100975
-8.62044081291102,-29.4229956172211
-11.7032856111981,-30.0107335528224
-12.8421895180327,-30.6087113908291
-15.4399327459874,-31.3380481435594
-20.147964785795,-33.9024571672206
-13.5285964500217,-33.4618768855905
-7.99916442618488,-31.0469777014757
-10.420671438921,-33.5450001680906
-14.1964850596117,-36.0392683998354
-14.5397728678417,-30.9611514810373
-15.8282197895864,-32.9263143445604
-20.1047651813544,-35.0278507720379
-9.86547193915691,-32.1034110530872
-8.25800426564586,-29.2016852787543
-12.3791872354523,-31.6571792000378
-18.48485486068,-31.0864498868845
-16.2276187770607,-30.5889060868009
-18.2392458592934,-34.1033332396746
-19.637157361461,-35.7312547966769
-7.9413326867556,-29.7576489295061
-9.42279825841386,-31.3900235197761
-11.126375243487,-31.1592491570389
-11.4473555908247,-30.034932213547
-11.7234360738312,-28.8945663380988
-13.3085242145591,-31.0790982589324
-10.9631427515406,-33.5103495721732
-7.81274409248419,-27.8923318728176
-9.81760547814389,-28.6604137192424
-11.1603957284979,-29.6687410329473
-12.7335175932065,-29.7770346489705
-19.7218037413788,-30.6309061611594
-23.3903659031582,-33.5224345063544
-9.99676370487591,-31.8241474975729
-8.27860858791998,-30.8696282458224
-12.0105613504608,-30.7949894353569
-16.0613505393814,-32.5564083038347
-15.388607062396,-31.0993973305411
-17.4323790937745,-31.7220560437531
-18.6773168754292,-32.5867943473441
-8.26326591478532,-30.663589141073
-9.06085165721404,-28.8916599245711
-12.426483514207,-27.8229621418668
-12.4783919642776,-26.2937050488282
-11.8221892034487,-27.5187844824759
-13.2612167302686,-27.5552750845459
-11.5000311634302,-29.0593188454426
-8.13726297936892,-25.9132758023405
-11.2892219648385,-25.9095083002542
-13.0643397477611,-27.7908960221729
-14.0663111054328,-25.5914713318461
-12.7438215763759,-25.1961543895624
-13.8421085156292,-26.4384544358494
-8.88183461329078,-26.9899252528039
-8.45762504135311,-27.8985613911615
-9.95302692979526,-27.8934695565114
-11.2074621835779,-29.1651606707174
-14.8987731296408,-27.9427890496002
-17.0469080406472,-27.302360519245
-18.6347545820123,-27.4656596201344
-8.25956430619746,-29.8710076073647
-9.25243883097738,-30.1854030892289
-15.1874812776188,-32.6777560940683
-18.6956739892091,-31.2187895277735
-22.8394675371013,-32.5309359314128
-23.5681595679061,-34.3613931950804
-13.2955873535269,-31.0777857140716
-7.8243668721287,-29.9539780281436
-11.5455152326188,-31.2626413600552
-20.0418267871518,-33.5155715383808
-16.2589702653969,-33.2400446703483
-17.6971989574816,-33.9903262831421
-18.408283886292,-34.2840258357042
-9.06758822915519,-30.8779710359956
-7.68364679926627,-29.3596043735175
-10.6645284564345,-32.0517711627625
-11.6745696851499,-32.4135511196508
-11.4728654261113,-31.4561294047604
-11.681928367231,-31.1483069688189
-11.3385693894222,-31.9486299731421
-7.7906676474005,-28.5092446886961
-8.78405744054654,-29.7652483510059
-11.6236273093647,-31.3490914851702
-12.5843582564827,-31.2022303749285
-15.053048090055,-30.2391194742308
-18.4242729718365,-30.5128161550832
-13.0261927490194,-31.3888101704983
-8.12539102407012,-28.787990641624
-10.1026479906406,-29.7747115579398
-14.2065089506529,-31.6907735544345
-16.5601313752034,-32.1112468449392
-20.5815945955104,-30.1204647558247
-27.8400576501031,-31.2699377266457
-10.1793279321569,-31.4108733864474
-8.05512357298051,-29.6039227017822
-11.0202214423209,-29.6701560420296
-14.3268658721399,-32.2052407664434
-14.4666434717364,-30.4217423136338
-16.0465852800304,-33.4376522440552
-16.0695645441846,-32.2223420843919
-8.22634322811883,-29.6946064611959
-8.62598192741441,-29.2101770397195
-10.1428998321923,-27.8247721875021
-11.0833964788778,-28.5246279018231
-11.8008977885063,-30.5608868818116
-12.5025065075247,-30.7398210618926
-11.2841399158318,-32.2388909621708
-7.44934856218218,-27.8353627341734
-9.82574325843808,-29.1963901619911
-11.4430630583559,-29.3945587931504
-13.854638918139,-31.4369976009003
-18.6743345207722,-32.3485558683194
-21.7851902115922,-33.3799812460695
-10.2768919804511,-31.5412825667337
-8.28419930679696,-31.0823162941656
-10.8370374635825,-32.6989324387098
-13.6762120799848,-32.123600045831
-14.7349167647021,-30.2021146053128
-16.4184887298406,-31.4382816892721
-18.1068540072588,-31.944830092998
-8.10343673139313,-29.9413762112643
-9.14329351739966,-28.8025335651112
-13.8439215425794,-29.1117673499275
-16.0569928765486,-29.4721538683304
-16.8755489208263,-31.0472885583679
-18.9508114134462,-33.6244608123857
-13.343954812313,-33.0308945361701
-8.14104640067843,-29.968058803106
-10.239454225627,-31.6907997777603
-9.87544221718133,-30.4044891927713
-10.2816402609109,-28.3941292821899
-10.7967131970143,-28.5203105242923
-11.6134946422629,-30.0509555551213
-8.52053699023759,-27.7831260387377
-8.41669973751791,-26.6675729517348
-10.3915969564246,-28.747518768579
-12.4822359542308,-29.6437351756303
-17.348534335194,-29.3060210994826
-19.4267359065542,-29.7983576532581
-21.9872834752215,-31.1264575747674
-8.05356033230607,-29.5566109441623
-9.35112987341439,-29.8704144906494
-12.7475483897635,-30.0358070296273
-13.7489603256063,-29.7174781330635
-14.7629428875177,-29.8211964709786
-16.1857797306985,-30.1805040570273
-12.4529937400608,-31.7424625225063
-8.43739634756064,-29.9808964127124
-10.875436398901,-27.8306172110967
-12.8765340958686,-27.7253611008124
-10.9542267576248,-27.6925064790576
-10.1959854122302,-28.9980220043871
-10.3848861226806,-28.0828282295496
-9.0563436169098,-28.1487814152087
-8.66943980384234,-25.9081673227467
-10.9668267815197,-25.6526013377983
-12.7274081842932,-25.8568546722737
-10.7853871793143,-25.9063762227544
-10.5359640324461,-24.7598221646368
-10.9940645614949,-24.6159027904531
-8.31927543674997,-27.4497315327306
-9.33890578919907,-28.2944230582867
-12.0691681605092,-29.0495237656455
-11.2114050146181,-27.5577025572208
-15.6610466104074,-26.2508996165651
-16.2515494581406,-25.7414732914902
-13.1087383209534,-26.4910047276058
-8.06747293721121,-28.4112112414184
-10.8815846940824,-29.2674234611937
-16.8205204287023,-29.0389675291306
-20.0019448225331,-31.6360298639104
-22.8928154244336,-32.5444060233477
-24.8102532594678,-30.9882351234265
-10.0798521728073,-30.3316555786961
-8.23500798592467,-30.8943696226386
-13.7633075576192,-34.9791941210107
-20.9228100793381,-32.8571071161331
-16.0313809468613,-34.3803510975266
-17.730217862575,-34.078008044016
-17.980035581164,-31.9749601412065
-7.99893130389137,-29.8938488425393
-8.66104755897057,-30.5613772572262
-10.2221189473001,-31.3400724497165
-10.8555860600537,-31.2029162225565
-11.2232461102704,-30.9090419193533
-11.0025166329028,-30.0109176036203
-10.1922120561578,-31.3115713568961
-7.80793310251608,-28.2296514845454
-9.60037971329266,-29.4520472731774
-11.9488504876748,-31.0765861821277
-15.1020823734527,-29.8465882829476
-15.0746495554827,-29.6012941900923
-18.6197906640381,-28.6965940579992
-9.75766506794975,-28.8328350990445
-8.22847958248498,-29.5134683129665
-10.2610626892635,-29.1231095642325
-12.5089238971491,-28.4634092163408
-15.6588879158685,-29.1220337096945
-17.1334939601874,-29.124948529103
-20.9681246596824,-30.8435690422703
-7.94190341798699,-29.3938073150525
-9.26832061747601,-29.1242956618875
-11.7399175818345,-28.8673249560905
-13.4859864527846,-30.3796436549158
-14.179245097734,-30.2610888729529
-13.853005248456,-31.0732828361043
-12.575091326678,-29.9774602438859
-8.05205051455299,-30.0046794400385
-10.3203343690509,-31.0314747387915
-11.1740365074876,-30.3625083346663
-11.7275340026682,-29.7584830585494
-11.6240617843359,-30.6668979520787
-12.0926576603901,-32.2855716465671
-8.92319942294999,-33.1021110891954
-8.75492024860707,-30.451861940643
-9.64605386572051,-30.2018725141357
-11.5122446406264,-30.8194816555734
-11.3004258603304,-29.777501472646
-12.4528425041997,-28.678600121088
-13.9156984550079,-28.7282157037723
-8.1409212514269,-27.1716673942805
-9.19891117821752,-26.2538286841947
-15.3733188991505,-30.79101407468
-20.2738006268763,-31.1576905211189
-20.4904735893183,-29.3195831105897
-20.395292870388,-33.1274674386158
-13.1453809058615,-34.2258358186261
-7.7235590012483,-31.0308456642106
-10.9801389901197,-33.2251515599479
-17.4149550772386,-35.466778109757
-15.7402399720824,-36.9065234571195
-17.0315761653425,-35.9994421840419
-17.8074500202806,-34.9507774997854
-9.91441513050468,-32.1923735926247
-8.26539983470454,-31.0894745675029
-11.0851612864861,-31.3300658817935
-12.262016087326,-32.0072301666006
-13.827253318818,-33.938467804159
-14.3199169298968,-31.9085336464904
-14.6195595104011,-31.5675235332996
-8.19757088737794,-29.146980247854
-9.15616188050095,-28.0483405470321
-13.565678144373,-29.4238364964409
-15.2721975303174,-28.7497920794822
-15.6078108286188,-28.8113843864432
-14.9816386021236,-28.8308693975631
-11.8279344092345,-30.0171434064838
-8.17848909861725,-27.1762767401847
-10.4032190012902,-30.8391247620454
-13.9545114376969,-30.3469933228687
-15.9117954691686,-30.7456458305318
-16.1396706989763,-31.6057561960869
-17.0588162416568,-29.7251236028458
-9.96209519532322,-29.5922723461848
-8.25812738347159,-29.5619005024674
-13.0845321724284,-32.2423370289252
-18.7012016487298,-32.4785009195794
-15.3722211332693,-33.5311498758775
-16.365315371486,-34.6471878384679
-17.2662461251572,-34.3099754145274
-8.1947374114676,-30.3542661481808
-9.42102114543503,-31.4521393717915
-11.5367064259062,-31.7014512025128
-13.0261891821836,-32.7211028403111
-14.0120784436416,-32.5513492243145
-14.7056653163547,-31.2874673339781
-11.5498962618047,-29.706954051267
-7.8180786536361,-27.0665768642615
-10.6935683010287,-28.5188208003809
-14.4069850909101,-28.7521312065698
-15.2539029831736,-26.8854582069136
-15.4201776380071,-27.5285340550013
-16.2061604083927,-29.8351327052744
-9.4278130020269,-30.2053124199441
-8.29003963095404,-29.6517115050937
-12.2283899478525,-30.4163468650162
-15.967861500377,-31.0814919685347
-19.0541021971492,-32.6964477458327
-19.2419603744431,-32.2313408852173
-18.8727314894522,-31.9507458250988
-7.91145603568766,-31.8370556938784
-9.37127403480433,-32.1042689001849
-15.7157142813078,-34.6737366618358
-17.1015737878352,-36.3886349380932
-16.5743596428094,-35.9084651676132
-17.0856226234417,-34.6449337360812
-12.4865912566105,-33.6396232800371
-8.04754889704065,-30.4365440340239
-11.242869652968,-31.6114621126085
-11.3746807333933,-30.3876412439213
-12.9506526089801,-31.1759439411465
-13.401806493953,-29.1294211014941
-12.301004701663,-27.135256383185
-9.3441307934826,-26.5968709063924
-9.42281180691088,-27.8570745254229
-11.7952485656434,-28.8398790623549
-16.2966699783719,-29.7718142956335
-14.5724948071481,-27.9844787371699
-13.2924130358924,-27.9515534475953
-17.5210745264781,-26.2411540621762
-7.83528441057453,-27.5165818041544
-9.43702173851013,-28.4442044017658
-12.1447995956143,-28.2299435054543
-13.933858530309,-29.2171248616251
-13.1475702277733,-27.0323516611325
-15.0728215129851,-30.0351242273151
-12.5768124471006,-30.9601473301109
-7.99432893966437,-29.0895771992691
-10.5150515727727,-29.2014130366363
-13.8435329541064,-28.9058204641806
-13.6308293418598,-29.0755751985817
-14.2738287109739,-30.3000824244123
-13.9223733001177,-29.8225537727093
-10.2698294349436,-30.306110346703
-8.2531170764979,-29.2461068751665
-11.5170733695389,-30.7400501858248
-13.1953212813089,-30.4571521210242
-15.2465636491904,-32.7877034001438
-14.0654277062117,-29.9219181749074
-14.5141959528102,-30.3131380997622
-8.48080714748603,-28.655423894652
-8.62867554072997,-29.847841418036
-12.721206568503,-29.1770928581829
-13.73998402669,-29.0965319692207
-16.2469640672842,-30.2775455977787
-17.2097257019702,-30.972547722519
-13.3105435123687,-29.7586265947822
-7.89583956024798,-29.1253971988433
-10.9849307543112,-31.1270669609902
-18.0103131329863,-34.1932049912695
-18.5609923071742,-37.2061718049585
-17.3923283150805,-38.3847795086708
-18.4428312336286,-37.8155996608231
-9.86498055117275,-33.8510382592869
-8.41600766144644,-32.3578590886196
-12.9036273421188,-36.2142290896274
-18.0626501328187,-37.9880454190491
-14.0775736763378,-36.5014521677641
-17.5225774048215,-37.3267480830889
-16.2046909892969,-38.678343794544
-8.16254691573019,-30.4030306966097
-9.26580114585792,-32.0384433405756
-12.6782837364972,-33.4423013164074
-14.5444585424033,-36.5356844049865
-16.475976604399,-37.3376293925612
-17.2622249307406,-37.5194696775768
-12.9535170748928,-34.5219198517237
-7.90738863175811,-30.7134972401923
-10.2948230821999,-32.5130896368608
-11.7769711793084,-29.4690180210005
-12.7282262977967,-32.596339101612
-13.5203426256134,-29.9739293243301
-14.0142622121586,-29.4850818444608
-9.53434368054467,-31.0691546102922
-8.49101188448349,-26.6940499825429
-11.3380495035777,-29.6060601275713
-13.2938256172089,-29.5089302585803
-13.0510539912808,-32.8161037732947
-13.300148453242,-29.7562589647812
-16.2773135215271,-25.8889469712454
-8.14862375358467,-28.1763426501326
-8.72943023402571,-27.4227659470445
-13.2821249182007,-27.1658206396563
-13.4201895784681,-26.2647091351904
-13.5576224689469,-27.610349198382
-14.6793616662246,-30.0293360561591
-10.2841437247186,-29.5724936459824
-7.95849711689947,-28.6761650973729
-10.4083659299708,-29.1656872174662
-10.5003323756132,-27.482800959994
-11.9863478287856,-29.392146302533
-12.934056080422,-28.1760812479027
-12.2697156455474,-29.3124802135054
-8.7731501846577,-28.3258090851627
-8.87010241964808,-27.6032625799146
-10.0853766108955,-25.2642643363536
-12.4762361400975,-27.2747733476812
-11.6138425258366,-27.6824263071523
-12.8169649413579,-28.7837942666249
-14.5139460589596,-25.1043472275732
-8.34553624193455,-26.0876937176831
-9.49289231110442,-24.7693011670246
-16.5654350122232,-26.05041424133
-23.4070662934984,-26.5107406995271
-26.3729507439696,-26.6345158623666
-27.2366857254513,-28.0696292705936
-13.3390972506358,-38.0718946148606
-7.78052696923575,-33.1539735193255
-11.5567465739007,-36.3909773955349
-20.2996040673185,-45.2866918735541
-16.1062683985594,-40.6717605252657
-17.1816578207465,-42.3973048166198
-19.3322444235247,-41.7711667687881
-9.85399232982674,-33.7007045082269
-8.19374801709604,-31.346139056235
-13.0556811546684,-36.9084963625369
-16.2442918110381,-40.2580881070744
-18.5290481538591,-45.0257620956298
-17.4879690599868,-45.923377736673
-17.9873554310929,-42.2728162428648
-8.53141335950755,-32.8551209681943
-8.66581426396251,-30.0940107402205
-13.0228817003853,-33.2371499116527
-16.0111043509731,-35.3642969498392
-13.4310740252309,-35.7537043020362
-12.7137474884226,-33.6699377096362
-10.9191948961244,-32.0400072677592
-8.51289836932128,-29.1658700546265
-10.1892282245633,-28.5102995643177
-12.178077097783,-26.5713351620155
-12.911230740766,-29.1124247902921
-13.5161072195905,-27.6862967519692
-16.9186405183983,-29.0370358912883
-9.98521134617006,-29.2207155684666
-8.43194168965067,-29.1874931473774
-13.1339513616942,-28.5610888009614
-14.0348912242903,-32.3263417954757
-10.9757481444615,-34.2273595021047
-11.7146397267898,-32.046374900033
-15.0839080603858,-30.0266295652438
-8.2820027782671,-29.3913295797049
-9.32254375227079,-32.2877054345789
-12.3032918043345,-32.5757904164952
-13.0778448967359,-27.9710582714082
-14.0982741664478,-25.9955438070745
-15.970537901878,-29.2876855777891
-12.7245833964992,-33.3735015930896
-7.60489618707637,-30.1141355389053
-10.8580866942387,-31.1714715447365
-14.2762743971414,-32.3762725125494
-17.1436549248078,-32.060698822831
-20.1108210290925,-34.8912075227332
-23.2881639614752,-38.1383026394967
-10.4475240625366,-33.2906385805066
-8.16088940735997,-30.9990093267211
-13.567513052754,-36.5912805715343
-22.019721464212,-41.7795961011752
-24.5573765220896,-42.4165846612842
-19.5669500731902,-42.805950263105
-19.6301952615838,-40.375554019918
-8.13317085533659,-32.9367588296944
-9.22287389682991,-32.7510762526126
-13.6528509303854,-35.1583404022808
-13.6724136059981,-35.5326907318925
-14.0564106663465,-34.0056152853803
-15.2767494459658,-34.3059044959254
-11.9098885486195,-32.8185640362853
-7.87067215782117,-30.1571839050821
-11.1819448973544,-32.9301519892024
-12.8763261152248,-31.2672905016484
-18.3633233005293,-33.2180306652791
-17.1894562809733,-34.9887676163505
-18.0430470166346,-34.3356295575958
-9.43797520633163,-31.7174056717498
-8.96628769655085,-30.1965991553064
-11.6391628152345,-32.6841705571942
-13.1473832867208,-33.1914376094867
-12.8495941922972,-32.6390832692305
-13.0942757111488,-33.3852253252442
-14.6640632622331,-32.0838962462874
-8.11006774668203,-30.6495331741911
-8.97837171093959,-31.4904355300326
-11.9777056979443,-29.7598914419247
-13.0989981038073,-29.4847522005919
-12.5989416586295,-28.0988921672486
-12.7381627645985,-29.7272237170728
-10.9405658613586,-32.3221960793869
-7.75463419525675,-26.6447564956368
-9.92996475615433,-26.5781996818197
-14.1426277854736,-29.0312419478258
-13.3483452593274,-28.4892112224285
-12.6375451441571,-27.8586301230338
-13.0597025083424,-27.4142789105268
-9.61349112112757,-29.7875737709149
-8.18997308301578,-27.8713449643124
-10.5377935391771,-31.4611939293248
-12.0336821920704,-30.9966275561313
-13.2508618193686,-29.0476293666459
-14.3718077835149,-31.9513152411014
-15.4175037439723,-33.2359693737434
-8.24648116294317,-30.9148793087874
-8.72825987103755,-29.1099834537723
-12.9760691246998,-32.9532254975539
-14.5852983783539,-33.41691348602
-14.9814320499548,-33.2361487175164
-16.1199642613832,-31.8164998969066
-12.6225192799996,-31.5812807568084
-7.8113659816233,-29.7720197559833
-11.3491547455746,-31.2871913288948
-18.3197789126366,-35.1842642041287
-19.9658296999323,-34.9029246821992
-19.5240617196266,-35.3452497930729
-20.5876473831732,-36.0313210960932
-9.90738491433252,-34.2971545389203
-8.23240418109731,-32.524406925214
-13.5042574233981,-35.9826352637934
-18.8159103675498,-35.8322011932695
-15.490355914132,-36.5931291409556
-17.2495770583354,-37.0014359384432
-18.124611902025,-37.454504751654
-8.03830506474741,-30.2986589405937
-9.34716880276783,-32.1320329564416
-13.1435651807985,-34.8603375829793
-15.6165556323594,-37.1510766433308
-15.3505133540324,-38.3976492589688
-15.8541486516702,-35.5299108059523
-13.0423700933624,-35.166325255225
-8.02539393404673,-31.0136726180958
-10.6266895052582,-30.6046264100116
-15.2023831701657,-32.1465450665348
-14.0642764078054,-33.7006161180721
-12.2375666603213,-32.5010004968641
-13.4898451223069,-30.2958934124556
-9.32006833237086,-30.1980378283063
-8.54596101831918,-28.1466776370191
-13.4530997219876,-31.1014655716954
-20.4674554003266,-33.4627163490648
-21.0488047803948,-32.0137925296253
-23.4104405810597,-34.2920057338407
-15.9059161450356,-31.5646732157395
-8.37882728525785,-30.4223092292013
-9.25350134280198,-31.0480524352022
-16.6927525214635,-35.2485904840104
-14.116766224846,-34.9238146003928
-11.1573254804548,-33.4592775006847
-13.3890074522646,-30.842276293512
-13.4059893350601,-27.623395568239
-8.01485920376626,-29.5910621707771
-9.69534922051372,-31.5989588190334
-10.7805472558511,-28.2100045218319
-12.8790558484321,-25.6116411153978
-13.8146290403731,-24.5632268668423
-15.9549685331434,-31.8123385762888
-9.49183988430816,-30.5333275589628
-9.09022434468879,-24.3338123830986
-11.3559917405611,-26.6037775308406
-16.9519522671718,-30.8737480606497
-16.5724848487359,-30.1236239738128
-19.5488042625295,-33.5189377277168
-22.861974222124,-36.7380091884943
-8.13635121640068,-29.8226059747067
-9.45550718797826,-31.2817616248557
-16.6485354817293,-38.2560675903184
-22.3803831850771,-37.0438136449318
-24.0382506400224,-36.6730429548283
-19.2916004815093,-39.4985098148458
-11.7969135630505,-37.4938238313293
-8.00428243558052,-31.6887095675453
-10.6208462514904,-33.3030732207904
-15.9833094650908,-35.8688088338682
-14.7267698457499,-34.8542132898427
-16.1157631715771,-33.7744042785248
-15.726939069576,-34.5249862088075
-10.3332169090557,-30.7135469162781
-8.41041873257885,-29.6916940840259
-11.0299127362115,-30.6786391746021
-12.5786863904685,-31.3009501614978
-15.1986301764769,-30.7635800357044
-12.4814298784702,-32.8909322142194
-12.3813696359588,-27.4256923483336
-8.65409963176469,-26.6120151817054
-9.33438015301294,-25.4192411781525
-13.3730447520199,-26.0310009625148
-16.7760888301274,-28.653698970511
-18.8210459391777,-26.4533165736755
-20.05001711337,-25.2612688559511
-13.0764061635908,-24.8799984490128
-7.92776350994802,-25.7294701113972
-11.6256065040464,-31.7905327919599
-19.3262745317289,-35.7153119578257
-20.9468841494518,-36.2111144920627
-22.2810379870917,-38.7569022290776
-17.0383195859969,-33.4316786627301
-9.85081288383403,-31.9676251488914
-8.25920484979507,-31.663164706552
-12.5493774802751,-35.2208622096144
-17.4327963804791,-34.925926947085
-14.7248683710555,-34.0916629405866
-14.3684897883682,-35.3282299027287
-15.0238641807357,-34.6419070125811
-7.96078463975783,-29.2121815850749
-9.32216745676243,-30.6849335906037
-11.3942910454586,-31.6495676331572
-14.1548668680654,-31.7698315134122
-14.9258375717828,-30.1123556183809
-16.3340452115408,-30.5386982698714
-12.9772845610159,-31.1735005661227
-7.73159306704838,-28.6238876995182
-11.3010438237579,-30.1602099046428
-15.6606534585986,-31.7464361077869
-19.9643470996469,-33.099290057824
-20.7470007419962,-30.915596409783
-24.1796570199208,-35.1768298103399
-10.5763912830655,-32.5765582881381
-8.3060674296105,-30.8035946874851
-13.5997233398916,-35.9045075145918
-22.3080181859425,-40.4063653597013
-17.7864740677749,-38.7474262769076
-19.1084601462277,-38.7476826980274
-17.1730616027001,-36.3043079842708
-8.14499437659876,-32.1542493696213
-8.99545073927368,-32.0828904858452
-14.0068984527097,-34.9043277966514
-15.83611017019,-33.1381973688547
-14.1047094472173,-32.8905574953979
-16.6515631905436,-34.1484065031922
-13.379472563615,-33.3652970913757
-7.89804786784585,-29.6832788978634
-10.8459595223242,-29.6278172236219
-11.5537228015505,-29.6069593038878
-14.8943093336932,-31.2068745484644
-15.7325295866935,-31.7751946759684
-19.1631923896152,-31.0808969325053
-9.16272806317055,-29.9381436850496
-8.61728673280651,-29.0572824834605
-11.7593765531599,-29.6242289556053
-15.8709338108158,-30.7782706615299
-16.3425438245786,-32.2991613177356
-14.4706112756683,-32.6822393725176
-19.5696924120062,-34.9157531971892
-8.19208103824878,-30.2433577642044
-9.22399005304328,-30.8861892728288
-14.888258474024,-33.1040389475604
-18.8133432068239,-34.6446918996515
-16.5670649664136,-32.8625098553829
-16.7159398612418,-33.6327965019583
-12.6249055827892,-34.2517919332886
-7.89568546630195,-29.8568806353509
-9.8067873443495,-30.6042653161422
-12.3456182739102,-29.9577032645012
-11.5091729448331,-29.9939306308475
-11.8321301365291,-28.6191355528104
-14.7225088464243,-29.2584939176902
-10.2593326189307,-28.9521271553671
-8.57294957087307,-25.6179738223809
-10.8614108842529,-24.2548408133298
-12.1816272893951,-24.4239210472898
-13.2523528882951,-24.6420794070872
-15.1436938877379,-26.600983157792
-15.887401751643,-31.7179431777378
-8.33315407137368,-29.7069319417699
-8.64180910833484,-28.2393423539153
-13.9223611235586,-31.1775146948613
-15.8458637640016,-30.828530060255
-17.5105501496917,-30.4080472259878
-19.3186238544285,-31.8062811871073
-14.0354691392008,-33.9196652306302
-7.88197062214128,-29.7341135599906
-11.4751716595447,-33.149164752754
-18.8588154387247,-37.4241439920525
-21.7282494996699,-33.7290605074324
-22.8502932962952,-34.4520735006831
-17.1317864680257,-36.675191195623
-9.80038612946872,-32.9466277770292
-8.30034275814745,-30.1522959388542
-12.2761294576476,-33.649178101708
-17.4104297249787,-35.5135994647371
-14.5259520086354,-33.4191678760718
-15.2123206599455,-33.738682867488
-16.9090715900601,-33.2942629533638
-8.05886686878155,-28.9846662440914
-9.10293325847321,-30.5681738100995
-11.687939452058,-29.5395631401778
-14.3119441545465,-30.4024751385519
-19.0385312707678,-31.4074763225668
-16.5816579633884,-32.8944938109823
-12.092418780776,-32.3481908598589
-7.87288862136347,-28.1061484910898
-11.2509362536903,-28.9567310222215
-15.6626417708487,-31.1002429393549
-17.8885002811636,-31.7638868990656
-19.9012084108882,-32.172376379386
-22.7625884148528,-32.489393943164
-10.1076449401151,-31.146834194141
-8.48008026584149,-30.8337069087079
-13.0778704201887,-34.236709257199
-21.0172207882954,-36.4248034768633
-18.1736931895492,-34.5335669086961
-17.7609128980348,-36.3586358002034
-17.8680567667902,-35.4852025890742
-8.15489822144681,-31.3385858040554
-9.06883844980415,-31.6329489160472
-16.6967688658842,-33.6593768764331
-17.0689552708424,-34.9445298306232
-13.6860593547492,-33.7492195294668
-14.6829348129005,-33.8485688607733
-12.2719079574878,-32.1473981538755
-7.92698370875621,-29.0379331061291
-10.6961828483455,-30.7622545662717
-12.4024082653205,-31.273083720122
-14.7491188331893,-31.1573290464035
-15.2942115567083,-29.9060463922489
-17.1421405636582,-28.8906071262019
-9.15708763959605,-29.8296641345072
-8.78690007821433,-28.8202529089512
-12.0359105468277,-30.8804781462792
-17.6902158349807,-31.8094106088645
-18.2470710776329,-32.1046147703257
-20.2230828522052,-32.4637234733011
-24.0061125954072,-36.0930532667817
-8.07559840610571,-30.9370515659407
-9.3212639226319,-31.5229423609656
-16.5420810696938,-36.6784262413291
-20.5396914750699,-38.5453958656695
-15.9502606979662,-38.2591056618089
-16.8564644012106,-34.4204380452345
-12.3969718055005,-32.9410547479283
-7.94221089226817,-31.4484886313765
-10.3997694384638,-33.0927841133608
-15.0685988425032,-33.9817101041481
-14.7838510727792,-30.83493889397
-14.1658026369415,-31.7685652607315
-17.4646645703861,-33.3173793334465
-10.3476296485313,-31.53428426988
-8.43869713604981,-29.6347444160163
-11.5714436422827,-29.3991848459425
-14.4937959147101,-31.5596441100414
-15.3811814115704,-32.6558402711381
-17.9458951045787,-31.1635902591882
-20.5566955968264,-32.6352776384398
-7.93801956211147,-29.5518385863015
-8.62060377237134,-28.3925746299389
-14.5741995423948,-31.6909073865643
-17.0251875926652,-31.2925845755887
-16.4201856513873,-32.9857085560242
-15.8871125164424,-34.8265623980477
-13.3662072455734,-33.2222678442385
-7.91566080224456,-29.279303634332
-10.807130918885,-31.3917817180574
-15.477777501064,-33.6959909530718
-17.9942940819335,-33.1238993479255
-16.6926953490322,-31.787900374858
-17.5626518583869,-34.9206090953764
-10.0496386422756,-32.9008504945141
-8.14245594942963,-28.819157499182
-10.9607907746388,-29.6546454681973
-11.9376895617763,-27.9848254570879
-11.7514065327431,-26.2297212086203
-12.7584698788527,-26.1165304320158
-16.5856288185874,-28.0319351327421
-8.46427038970456,-26.210349958505
-9.85472816937646,-22.734510394098
-12.6085093515807,-21.3445066785454
-12.389695380132,-20.4644394339633
-13.580234787425,-22.5002453128983
-16.2003878133836,-26.8392327801448
-12.7272046053015,-29.7300922679177
-7.53466242266655,-25.4073793450031
-10.4699846128958,-27.69505247861
-11.7034335979991,-27.5744983011076
-12.1021623927106,-27.6375368555429
-15.059220469473,-29.1340788615989
-21.0857055904644,-32.3161402324064
-10.4830240998158,-31.3935066360855
-8.25344309145855,-30.778461482892
-11.9395997777955,-34.4516769177099
-14.6134590534205,-34.5039195908795
-14.7554833004329,-29.7817280511071
-17.3430083811458,-34.3116928420041
-20.2611265195793,-33.631559208103
-8.11087367027864,-30.1057274701484
-9.03767367148989,-29.834323966121
-14.7693953583311,-31.795117348001
-17.4049514679521,-30.4957560488263
-16.6718048859759,-30.910121391256
-19.148505843021,-35.260757807873
-13.1638226466092,-32.7479261680469
-7.76969587261014,-29.0979953467251
-9.886337095751,-32.0534460945181
-10.1557904291897,-30.0057402730916
-11.4850784375509,-29.1532133270781
-12.6844533008043,-28.788253837444
-12.7437188359382,-29.5243850709917
-8.49081090564686,-28.5022840369352
-8.68761080605714,-26.7566867613877
-9.7706177693547,-28.4185730806629
-10.9840818801789,-28.4090660603749
-16.8158105811361,-28.9806872907485
-21.9510957337025,-31.7705912211798
-25.6842946482588,-34.1355702751261
-8.06629680833945,-30.3555340984572
-8.99253947912528,-30.0572079618333
-14.3284623582725,-30.6812618845761
-16.0893929950302,-30.8895942845961
-16.1673461468486,-32.2072066776917
-18.5689665098485,-31.1574445507144
-13.083714982391,-33.0441777266371
-7.95766616701168,-29.7407246514658
-10.130279783834,-29.3902258397396
-12.8536807153335,-26.8799864521541
-12.3764747314613,-27.5906845766857
-12.0490686201834,-28.8772459229897
-13.9737363866258,-27.8454248138009
-9.7506570548647,-30.3970597735596
-8.38848170578886,-25.4707034563384
-12.2393853851262,-27.3290700470287
-13.4857369472323,-28.01866537804
-10.1845142689939,-25.6099164378543
-9.44801117092236,-26.8320401755441
-10.2901814356993,-26.6592200989321
-7.93024363898524,-27.8275307278936
-8.61687988948026,-27.2455327698469
-10.7864051259284,-28.6023493773132
-12.1880259896922,-28.2724915167129
-15.8409213495698,-28.6473317375346
-17.3017740808485,-27.5851414611174
-13.0492276386943,-27.9245999003887
-7.88601252021935,-29.9276518397943
-10.729758945659,-31.0646033078504
-16.7128722419694,-30.27952172997
-19.3437502925152,-32.0271779332132
-22.2773020221338,-31.4564629651672
-24.5310955601939,-32.69071762447
-10.0413513417337,-29.5148961345541
-8.313794859986,-29.6362409099973
-13.7725106794229,-30.75125631504
-20.561480062048,-31.9715652718692
-15.8604019221106,-33.5316301732261
-18.2487427381566,-32.7846331862347
-17.8172771833119,-33.0631177308195
-7.75813618435763,-29.2973733414356
-8.60711155879247,-30.3369505673631
-9.70421557951196,-30.2891966977919
-11.65827713402,-29.9842195517829
-11.4252307814034,-31.0050580247897
-11.6087516769193,-30.5044127100733
-10.8682961267698,-29.8057947902458
-7.9255976698252,-27.724409762359
-9.45753604479742,-29.5755419709249
-10.465404261479,-29.2393113006214
-10.1499642244301,-29.5227160247102
-14.7407149517764,-29.3354564133938
-21.792704769462,-28.6933309643197
-10.4575254737488,-30.1042404810192
-8.46408973749478,-27.7786937453289
-11.1860118083415,-29.3333192102027
-15.8865784732397,-30.235507503596
-15.7598545543205,-29.6806370974338
-24.955802892717,-27.9698340123377
-27.3872719503177,-31.5466483167518
-8.01230389719981,-29.0314194349127
-8.80008235816405,-28.8387195485538
-11.8893509124037,-28.2689986683745
-13.8629772858675,-30.1963104891462
-14.3829235778718,-29.6705960725088
-16.3834053893827,-31.1030501454323
-12.247764539129,-30.8933495197046
-7.72859649642413,-28.6820738133303
-9.78368418769727,-28.5863851460755
-9.75063009043125,-27.8908807003567
-11.1674933167906,-27.8604351906681
-11.5950128360234,-28.6831997604811
-13.0657164388779,-30.6492785933723
-8.86712597910908,-30.5080832598129
-8.40810946487911,-28.0022018613706
-10.4874391590008,-30.6723674209917
-13.9697081272127,-29.6425235954647
-13.9919593919083,-29.5509639128993
-16.521447158886,-30.9150703144256
-22.1614160490892,-32.8352120437134
-8.37865341638289,-29.9752295420662
-8.93779571013582,-31.3424728921878
-11.7814766435413,-30.8882944115749
-13.7269331003954,-30.3119217028147
-15.2749473410648,-29.5288109405301
-16.919205928517,-30.5395886990704
-13.022544582884,-30.8270417805762
-7.94822002015514,-28.5903250457285
-10.4669694994854,-27.469557403072
-14.9729237972655,-29.0203768977766
-15.5829759762511,-28.482800401699
-17.5091551036345,-30.9764315137593
-19.4557000169591,-32.5135892304196
-10.6246674964497,-30.7331011896586
-8.20624749264331,-29.3625489713556
-10.7486229602517,-30.2966698391258
-10.6648169470878,-30.5247310454323
-10.983891389077,-28.8575010416549
-12.379225553084,-30.1582396749285
-12.8664003411062,-31.7497019738492
-7.87322196033908,-27.5492082702442
-8.88588410193328,-27.1206987195525
-11.0194671671318,-28.7270733675944
-12.1195857195269,-29.2846293739431
-19.1738738008415,-30.0115063836841
-21.8700720228782,-30.5371179462311
-13.3581786210056,-30.4617436746961
-7.94077584885147,-29.4088432334822
-10.5778055564246,-29.2416627752454
-13.1558132085998,-29.6323713825061
-13.8292529663113,-28.9426399909217
-15.4785028729317,-28.9570975333076
-16.7606455972092,-30.8975391657981
-9.91586586254402,-30.5905644229156
-8.92000908024362,-28.8042679439284
-11.9091456269689,-27.9011186075939
-12.6143471227967,-27.4323785482054
-10.5442785661392,-27.1088723396165
-10.3494982832007,-29.2887265121888
-10.8376916808424,-27.8558439118996
-8.55411368131447,-26.5172264823945
-9.67268431289903,-25.9117677931085
-11.1143149908997,-26.5225433782872
-11.9740385388582,-25.8074477024023
-10.6141597710907,-25.7861201980005
-10.3900894637639,-24.5367506549841
-10.1030649608102,-25.4655797346246
-8.09412031377657,-27.556080165799
-10.1596316795666,-28.9230033776282
-11.6136148004076,-27.8763997390855
-12.1980745262758,-26.5022635010936
-15.3599863384619,-26.1472997748026
-16.1315850529128,-26.5142549324661
-10.2625526969373,-26.8845793032989
-8.41219451090698,-27.7113334373611
-12.2962204753691,-29.6576976651593
-16.2924023858187,-27.467277042458
-19.6047812500489,-30.4186974022637
-21.274606522811,-30.6847391237715
-22.4415152063399,-29.0791347136555
-7.97420115258599,-28.8374233598952
-9.31291027450974,-30.6726238421061
-16.8423135190719,-33.5694926375341
-17.8129921011059,-30.9611951246906
-16.5290852504245,-33.5846521902541
-17.7342943552648,-31.257858796394
-12.3027116281376,-30.3551102080532
-8.16463025807852,-29.7570891719797
-9.48935428339865,-28.8910205669541
-9.85068476524697,-29.255930608798
-11.6453556186505,-30.8548319639861
-11.5239335883024,-31.4524767075325
-11.8239092292117,-30.7401091979988
-8.68250633506328,-30.1849927718724
-8.66376396437678,-28.6711133166732
-10.8960899047333,-29.4041883837005
-13.3965940653408,-30.0704774269927
-15.1172918858495,-28.2159571669023
-15.0699365640236,-29.6436797333299
-21.5999805221214,-28.3800284463183
-8.08280539765189,-28.5647840678284
-8.68110321599907,-28.9557587266081
-11.176633703279,-27.2100828494643
-12.4897301630579,-27.2660238884097
-14.3076652238254,-28.1739151814605
-17.8102094609937,-28.3826013548779
-13.7294414933832,-30.6491713546934
-7.87698167690304,-28.563623439544
-9.95495034092374,-29.1104346993003
-10.9712399989407,-28.1462549001218
-12.1559774443292,-28.6180645194184
-14.2559201212879,-29.9164261302738
-14.5248722784542,-30.3061757597834
-10.1273929856726,-29.2108128320579
-7.91892272979534,-29.5927759105702
-10.2924940844026,-30.6504065977729
-11.6343871364625,-31.406306356819
-11.7546418681259,-29.8564572868353
-11.667413563263,-31.2295676541198
-14.5720777892708,-34.5156775652792
-7.84155999097155,-29.0623458066754
-8.64810799760967,-28.0590310049222
-10.8424731037429,-30.8414456415554
-11.3394699431547,-29.5851152731436
-10.9988101987975,-28.9607486504699
-15.2718077479232,-27.5938866804736
-12.877204312333,-27.3063016989378
-7.83077049170088,-25.3243982292257
-10.5939296043514,-27.556529547165
-16.1226522411558,-29.351128771984
-20.0767540522007,-28.5158553784464
-18.8053294577558,-29.0398009419998
-19.5941811077236,-28.997524462476
-9.91637838427464,-29.2639155179841
-8.21398768072954,-28.945302242382
-12.3024104079276,-30.0495837823576
-17.4243285231567,-32.9702776071444
-15.3055758806286,-32.9232290723826
-15.8557939415773,-32.0854435448743
-17.4400338970897,-32.8557215030705
-8.41394683475096,-29.5827020468988
-8.97664624853654,-29.4152652811162
-10.4789277314942,-30.3510572452146
-10.7403017690492,-30.7377814245207
-12.0301722561123,-30.7555065076218
-12.8536051576295,-32.880518931408
-11.2477064015905,-27.9096960267153
-7.75049436414967,-27.4364247119333
-9.75373796430892,-28.139738146067
-11.0622958333636,-27.0416676208171
-11.8811485466647,-25.7532830224109
-14.2743078184089,-27.7280714673566
-14.8428652866751,-28.8978897732858
-9.2900426918185,-28.8373645044418
-8.53641992206855,-26.2233495064753
-11.4053851428145,-28.9705316531962
-14.9141795508966,-29.2739689731918
-14.6157725382661,-29.4756693767286
-15.8493105438116,-28.4813530901733
-17.2613858138797,-28.9689601171529
-8.10128613330683,-27.6086093794091
-9.20259643334547,-28.8927529238204
-15.7241145667112,-29.0883540007116
-17.2133129994009,-29.2335293630717
-15.3894840961682,-29.958307270947
-16.3646333079476,-30.2260515844725
-12.8371345936306,-32.5444819325315
-7.86100886445158,-29.3531851263654
-10.2008057188852,-30.0894196717082
-11.4322082016692,-29.3996918056073
-13.2340831716121,-30.4816367196131
-13.5437864658867,-30.423219993271
-14.2891338071858,-29.2600977511354
-8.63810895672632,-26.6627303009595
-8.38597715573707,-26.2725919402482
-10.0559756132536,-26.7205685934745
-12.3816493092094,-25.9873879687324
-12.9674110572308,-24.8744439076714
-14.1098745850125,-26.2319626856871
-15.46114175056,-29.1821657445817
-8.30138912902372,-28.2756947099131
-8.96931950750172,-28.4526523050804
-14.316905553918,-28.9822480462527
-17.081383545113,-29.463913048606
-17.4987623127792,-30.6500090015007
-18.5021034879265,-30.3968519493332
-13.3757276125604,-31.3116513933586
-7.62237454570385,-30.7535442596472
-10.7063241157203,-31.0025618392062
-15.8270399871106,-31.180579097907
-16.1914178986695,-32.3659924757168
-16.27913439379,-31.9600144302025
-16.2409245103541,-31.5488318012466
-9.9369145956628,-30.1082886293273
-7.86117239992475,-29.8522891528328
-9.88664697498084,-31.6736776698054
-10.6394704709056,-30.4030546649067
-10.2710960351392,-32.0471926916583
-11.2793800574089,-29.7121283582328
-10.6226783214999,-29.2104053050931
-8.10918032203985,-27.0664059083255
-8.9927353263985,-27.6292632687684
-12.4737907261408,-28.4731378660098
-13.9270572371964,-28.4775109435445
-13.9465278797494,-26.7340114069674
-13.5969308287869,-25.3522738430416
-12.9919451467974,-25.2776901554179
-7.55440283644037,-27.8782657020555
-9.17162659463145,-29.3144462261235
-10.8278328274193,-30.2272031494914
-13.5823955162844,-29.8055866951359
-13.1601031943217,-28.6448080845676
-16.1138895976914,-28.6346693408083
-9.96526004793529,-28.7570729117311
-8.29345106339876,-28.7909278166814
-10.617575602562,-27.6078200188538
-12.4473186256715,-29.6679421639915
-10.989543284266,-29.6104918917745
-10.4652613788408,-29.3207396011868
-11.2016375866777,-31.1329153906973
-8.09568468941281,-28.1870835961355
-9.09300703466512,-28.7338494832374
-10.4152769936051,-29.90058169911
-11.8602179199368,-30.5154268290655
-11.5853437652157,-31.4534438820938
-11.0607349100708,-29.2875714809028
-11.5819056371146,-29.3140123916479
-8.07225794793472,-24.1771567542315
-10.7367643315514,-24.9364330312233
-11.0917303254963,-27.4866037595777
-13.1078896097345,-24.4427886305873
-10.7533119955608,-24.2685801639208
-11.7984970380049,-24.9740295273008
-9.80189429653896,-26.0693526101052
-8.38486491634275,-24.6439929123095
-10.8243345680315,-23.2378627205581
-13.6105604861789,-23.1106997983333
-12.5082941056821,-25.4345072989207
-12.7888788053428,-23.1648583404248
-14.7362985178674,-23.7144729177052
-8.45756882671006,-25.1353725885502
-8.66522080176188,-25.8012620927064
-13.3763941228276,-27.3166236123828
-16.9443362682385,-28.5787153105146
-18.6335693618038,-30.2667209819023
-20.6693084425406,-29.8787029346663
-13.4815881834549,-29.5847819858113
-7.93889729511884,-29.1161502400179
-10.7695340766323,-31.0340099990792
-17.3122573544444,-31.9447089434358
-16.3120342935005,-32.4838527403368
-15.9770665841983,-33.6522749068516
-15.68413569998,-31.7487685053012
-10.5720782122489,-26.7885028793955
-8.55065918338712,-24.422816457899
-11.4990327977314,-26.3160781503665
-13.6169006622572,-28.195824083224
-16.8919870292682,-28.5125742260355
-18.0370745602088,-30.4794232115671
-16.0760896698783,-31.0424855278252
-8.36853281456907,-28.714235103798
-9.72354219867624,-27.4823083081938
-12.7023377991381,-26.7488899620297
-14.5759639386006,-28.2283077576997
-15.0262461008078,-30.2098043856253
-14.7959851288177,-32.0444232857871
-12.1192527622457,-29.6427503263413
-8.20831681519337,-26.6049844548554
-11.3626859640481,-27.745094777142
-13.9786481240625,-28.12632386119
-16.6064755816922,-28.9671684056352
-18.1365772029692,-30.6323476444793
-18.5848753380007,-34.9370447274421
-10.6071630101897,-29.8477128463574
-8.63474625510005,-27.1696124048486
-13.7014174375367,-29.2615727664795
-16.4041903919197,-29.1815248619
-18.2481038671621,-29.8876646939267
-17.1582596141171,-31.1821464913276
-15.9236528786724,-33.3375185899628
-8.43085820795117,-26.090893898583
-8.80630555694508,-24.1621185003995
-12.1729311194378,-25.8937812040726
-14.0283244303089,-27.2744209680847
-14.1715822983724,-26.0927130284123
-12.9234401581142,-26.9168428527393
-11.2945480825794,-26.1631295076882
-8.2104436262249,-26.8926035646636
-10.5561626062896,-26.3226507910812
-13.4507963926889,-26.1847422304598
-14.5693249503875,-25.473484535372
-14.3645422266615,-26.2104175685338
-14.1396985018432,-26.5739273912687
-9.50316907982913,-27.7684489370053
-8.43382027847865,-28.5662425555858
-12.3176765474136,-29.2517357858465
-17.0130236303372,-30.1206762126927
-18.0191913170241,-30.5747453520351
-19.1890621089732,-30.7480323065038
-19.1624691618308,-32.3971452552681
-8.0052848120686,-30.4867074959114
-9.53403119224286,-31.3938090544878
-14.0219293425043,-31.8114959152567
-15.1897874697114,-30.2937602473058
-15.9848893691795,-29.9140481760025
-14.9542964832894,-30.6276900509251
-12.957876987221,-30.4791128960729
-8.42329149018177,-23.9453215739018
-10.6429223682617,-25.4072990842583
-14.2393242024149,-27.3548578413705
-20.0094475073647,-26.2309891872644
-19.1071876016354,-29.3576965195976
-19.7656353707599,-30.9856757454584
-10.3510661588072,-29.7057839410383
-8.61844975656945,-27.5252419469747
-10.5345747444307,-26.6774455891466
-14.4475435904029,-25.8562218583816
-14.1876580577692,-26.0858700937298
-14.9134751227791,-25.8252525393575
-14.5373275496222,-27.2428852937411
-8.14887535033256,-27.5246513754491
-9.1311177074776,-24.8953127738889
-13.1514009679685,-29.0014066005087
-15.1691406088399,-30.9628259399692
-14.8592436987355,-29.7013220235677
-16.1494720650131,-29.6572469421091
-12.8064137180078,-29.7606440100448
-7.54634787971588,-25.808277341704
-11.5432257142854,-28.2396716219672
-16.6700019955145,-30.2183060341216
-18.1887662151034,-28.8783897259464
-17.6280628347291,-28.864501627625
-12.8921695235092,-24.259607826184
-9.72094130322295,-24.4004828650563
-9.37034361788062,-22.8194292446302
-10.6526913501526,-22.7179141269067
-12.6619150148656,-23.038229285649
-13.1786475530189,-22.7597347270227
-11.557507625354,-22.8770840358657
-13.952455666715,-22.2447086113117
-9.00107951897222,-23.5711418429869
-9.30734491926759,-23.4364031784434
-12.1268291409072,-23.9486421044541
-14.5977381211724,-23.9381762559449
-13.3148334896894,-21.7165877866259
-13.5905983382781,-23.2243181468248
-11.70868337318,-22.5966646510957
-8.33722409204472,-24.6005180483763
-11.1249605173051,-25.284473323755
-14.4156743468488,-26.542460070687
-16.50129447572,-28.4160640514791
-19.8835646870921,-31.2689927374337
-21.4012742498664,-32.7936875357183
-10.0440579636458,-30.1604068338423
-8.73085919360606,-26.6823682606802
-12.1914694527754,-28.370624913
-15.0160624684208,-25.4093214920256
-15.0305922488933,-26.5954018293649
-15.0939766663318,-28.499374093465
-15.3289615710811,-26.0717938963938
-8.13739653840868,-24.6723818051711
-9.45106113728551,-23.6739636052898
-13.2270929078745,-25.165305818197
-14.1704737550879,-25.6698776741035
-17.3428786939114,-29.6040461859527
-18.7118318421172,-31.120895034401
-13.3367735331022,-30.5214904681551
-8.0951245651582,-25.6793533639102
-11.3019951011071,-25.368506449121
-14.7130263730746,-27.6540848841606
-15.0092388384448,-27.2255248846856
-17.5814601597069,-28.5062396593948
-13.9374978652777,-28.2639816643879
-10.0462423216013,-27.9160036248324
-9.02762105382578,-25.4467640028606
-11.9889247437645,-25.1818967869101
-12.589540775704,-24.9685751404621
-15.6879765834381,-27.3745527201492
-19.4122911358524,-29.4699528353504
-19.4612192414488,-32.4083870552909
-8.44274397055233,-28.3268268307688
-9.00246629395451,-26.9899735787586
-15.5287717207494,-29.7805742446762
-16.887149643957,-28.6407634406553
-19.262774460654,-30.1582487947634
-13.492530119369,-27.110204122124
-11.2593591569741,-25.4656288791502
-8.01620628810777,-23.1169317041395
-10.4562648409677,-24.053580800053
-14.5488433335207,-25.2715549778375
-16.3526844103831,-25.8811402412331
-15.8530944013735,-26.749999865571
-15.7913938202629,-24.3285364856192
-9.4729300786595,-25.7434226706114
-8.27240730567112,-25.9015069090047
-12.0612006892662,-25.224054088098
-15.4643733208502,-26.9429012217277
-15.3355549639435,-26.701486671674
-14.4135732498122,-26.9096076234131
-12.9509697406248,-26.1585188485064
-7.79631996298414,-25.5200498880526
-9.12834564425309,-26.9408554216938
-13.2723475801817,-26.5974648701175
-15.8692537244684,-26.7657986058909
-17.7375535660572,-27.3238464912663
-18.3512209472515,-27.8994120895557
-12.6007360880685,-28.4057943289596
-7.43853523751004,-27.5069149304985
-10.4608365910579,-29.8188223618097
-15.1790372257207,-28.9882909598841
-14.542166162818,-27.8824380275713
-15.9405113339464,-28.9262511824436
-14.4514281247234,-29.627675935928
-9.46599263612032,-26.9831756352719
-8.49134537756993,-24.7649366922876
-11.5348206244281,-25.8534412879582
-17.0012032756056,-27.3432624608777
-16.5544100296384,-28.7492580798742
-19.2276110792162,-29.6801096771537
-21.7587726187112,-31.0032835038109
-8.26081114045794,-27.6725007141661
-9.04174357533388,-28.037679412894
-13.2049100898974,-28.1187536735425
-15.1496876018266,-30.2305003170213
-14.3113031418303,-30.0633929398105
-18.3005002143834,-29.1290379271254
-13.0763259872683,-29.7230257100924
-7.9843586754878,-28.6764597164838
-10.0715662442559,-28.9256050011819
-13.734535771663,-26.9832448209576
-16.8661191082551,-29.5922293347863
-16.6049530778223,-27.6828788978455
-15.9679273509603,-28.3573495705402
-9.94974918937416,-29.4689034001833
-8.51549580246545,-26.6987716604848
-12.1138774859692,-26.129601883534
-14.9358956747446,-28.1183776151344
-15.1156091573411,-23.9444812235954
-15.5555109462622,-24.8437365363629
-15.1157448851095,-23.0085997876605
-8.30428631753185,-23.9451567649173
-8.55136753651641,-26.0506332000656
-10.380227352737,-27.8208921673122
-11.2421709424387,-25.1971230464846
-12.2812543129275,-25.4180280738366
-13.6891934286438,-24.9341604796891
-13.1256930448383,-26.198523885677
-7.95943485082962,-25.2618883417155
-10.7242783636249,-25.1593889332656
-16.286763077004,-25.9073844694297
-17.7629406691055,-27.3369311167885
-19.5858906063122,-29.5341309125109
-22.3837889124556,-31.3045590040856
-9.9534310022957,-29.1197769964568
-8.35214041344949,-27.6822051372423
-13.4213311727325,-30.4067584675559
-20.8312622273665,-29.2683390527827
-15.8409015260157,-29.147966253582
-17.9726983350146,-32.2751428370536
-20.1288945335203,-32.7648117471996
-7.91142779622233,-27.3217704003133
-8.83453322693182,-27.8059367390732
-9.91868064194257,-27.425551268335
-10.558242536799,-25.9229365260787
-11.2495519038563,-26.5538437810073
-13.4025916226023,-25.4792752095273
-11.1215685934792,-26.9008552359236
-7.65510203593336,-26.2452904641125
-9.50691023776802,-25.2166900941299
-10.4081841716903,-24.7860035175612
-13.7695338352659,-24.1370702753965
-17.1559162242124,-26.4402824247783
-20.4475475110022,-28.3576824984384
-10.1488692801444,-27.7575855006845
-8.34215354148934,-27.2766229684754
-10.8510788609487,-27.5436909944217
-13.9497184933824,-28.0179146565048
-14.6937610741739,-26.1266132015725
-16.590175745801,-26.7347096459212
-17.1927343674544,-28.6125545388156
-8.45245775702966,-27.4585245051161
-9.03671354291096,-28.096581058909
-11.874714079159,-26.8133938908366
-11.9156404100457,-25.0243710563462
-11.7812193202355,-25.7279543731978
-12.2403264771514,-25.4601304343664
-11.2827101952238,-24.7118633095494
-8.53852727265649,-24.5532717671508
-11.8794991093027,-23.9704168784618
-12.175247586593,-23.4190146323092
-12.4698574392514,-22.5937415974885
-11.7605955650794,-22.5959825832306
-11.6076248965289,-23.231159226854
-9.12498666271572,-23.7055878834431
-8.47360777726378,-25.5793691730563
-9.76967643130652,-26.174595749929
-11.1879797482341,-26.3526529642385
-13.5720441235371,-25.918375391227
-15.1954326992365,-24.3053236940698
-16.5321627446833,-26.2580380039326
-8.33397194987087,-25.626166595032
-9.21949017517609,-26.9984390555688
-14.2876624723078,-27.7745408098758
-18.1022350818663,-27.7631572366623
-18.5470206595866,-28.7486976418116
-19.4317011693381,-28.7542487210388
-13.1650023824739,-27.6329316415681
-7.7801062472992,-26.5246267095961
-11.3194610390002,-27.8144238649054
-19.0612993377609,-29.1101684105801
-16.1435816595565,-29.4155881662615
-17.5719880351845,-29.4828577648197
-18.1892690589593,-31.1472779028977
-10.1219275980336,-28.6541750966679
-8.06660013192225,-26.3776719224623
-10.0745227495723,-29.0113994574006
-10.0201697662944,-27.1746351630844
-10.7656682122172,-27.2762452922018
-11.3635707400754,-28.4620515197563
-10.7909846461439,-28.6244218986243
-8.17333569814739,-26.897155397703
-8.71092459285516,-25.8951109704866
-11.917755469321,-25.0742667335983
-11.3366298021429,-25.5298628726555
-12.659288997848,-27.1299162269597
-15.7472009853177,-25.8076896710162
-13.2733663626156,-23.9058075672762
-8.03600163696308,-25.5372265077039
-10.5687967375204,-26.4282038762539
-14.5003779736984,-27.1306609434935
-15.6725929509684,-27.0823583358428
-15.7079429797395,-26.8322968955372
-21.0010939704985,-27.5417182462645
-10.0557906236977,-27.5952307212221
-8.26692953885969,-27.469907692692
-11.0948394024949,-28.7339052227434
-14.459008178684,-27.4462501305755
-14.5860419744653,-27.1370186472785
-15.4871324771659,-28.7708303776942
-16.4034945965889,-28.6708790663045
-8.25576142592181,-27.9604590536286
-8.79834967984684,-26.126810750129
-10.243230137915,-25.1720745352549
-10.4760607989268,-25.3896199792631
-10.8013220265732,-25.8156461012155
-11.7038800197121,-25.7968801104194
-12.0976519179036,-28.3805382028357
-7.5526465632355,-25.2527659554575
-10.000285294978,-27.4800328612493
-12.12704138825,-27.4851922577053
-12.3719993502127,-26.7723655524644
-14.199915120875,-28.3666019068553
-19.4227944073204,-27.2783295085486
-10.3841061891436,-27.5484230131776
-8.37490104880382,-27.3241822907526
-11.4219925813143,-26.7434463632167
-13.1455720743181,-26.9979723783623
-13.0125878997839,-25.8723792217635
-14.5627445665743,-25.7599076545312
-16.9598522706787,-28.5406189464391
-7.90352948144667,-27.2209129763726
-8.63903459707151,-26.5626423165998
-11.1964083886821,-26.5739151748842
-12.9831533146035,-26.3029120521035
-11.3698776911648,-28.1144066258599
-11.7603233121761,-29.3026812194367
-10.8682665930442,-30.049624836441
-7.7852766071625,-27.3174543659517
-9.09435649550077,-28.6762160270467
-10.5392700692574,-29.0620223131378
-11.3493131994963,-27.2431855454661
-11.8204410244284,-26.0048392185656
-12.8349543159472,-27.4801720992554
-8.89459056685136,-27.6931936361672
-8.52388710358866,-25.9296044455529
-10.3045575598824,-24.9595722498802
-14.1434950794204,-26.5868448916877
-16.5654546847628,-28.1717094924056
-17.5301773636367,-27.1200817339117
-20.7956642968277,-28.56972688337
-8.10912695746425,-26.2892254242249
-9.11502305483322,-27.0670737084216
-11.870236573226,-28.3597455829809
-13.148300376636,-27.9224697582806
-14.0830077935781,-26.4869223285156
-14.791865628189,-26.4574813603714
-12.3164045682548,-28.7709314408131
-8.22537681735376,-26.6229711457141
-10.1812226500709,-25.5690447745955
-11.3557285004198,-28.4708438015651
-10.873278904706,-23.4177044536946
-10.659732190184,-25.8888944736376
-10.7609494053371,-26.9087418573977
-9.49007548571522,-25.3468332672306
-8.97819329874577,-23.0538725213738
-10.7940091321004,-24.4211749886807
-11.87052104181,-23.0792200686848
-10.9438088547587,-22.8127216093014
-10.5162320731694,-22.8641455702543
-11.047641133662,-24.1447268055517
-8.86058821965897,-25.2913939228772
-8.86075522749163,-26.241706659185
-11.3219445960598,-25.7975818150396
-11.2988261770756,-26.1810551961203
-14.3678371718141,-26.1513327731267
-14.5702984473896,-24.5671044258729
-12.6124266728023,-25.021257033899
-8.06631265244365,-25.2166411840158
-10.730164715596,-26.5964148649597
-16.4585658023271,-26.0385532378533
-20.3657609347558,-26.814732696414
-19.4609747801989,-29.0736850240004
-20.8147291535854,-25.7497392808355
-10.0778774544164,-27.9543746553448
-8.20382496981115,-28.262049627829
-11.0462935239342,-29.9636576287742
-15.1828365242547,-28.1166722306452
-15.9079672093414,-32.7421589815573
-17.5624140166363,-31.4570827553179
-17.9043360422217,-30.9159066427523
-8.05498588442027,-27.1894821843422
-9.01252654779772,-25.7283586670317
-10.699154204651,-26.0006753861548
-13.731460015855,-27.8581062613234
-14.1689350267538,-27.2428853502513
-13.1354937324036,-26.3684491688755
-10.9362893521315,-24.4462777337972
-8.31465669001376,-25.6133324748167
-10.1119411602003,-25.4534630593842
-10.5037089239655,-25.9087747977101
-11.1439446794001,-25.2694023701621
-10.975012317811,-26.4822754235582
-12.6812880681098,-25.4335554787263
-9.60802502709257,-25.1489601769464
-8.532713372521,-26.2804269444043
-10.5653563918933,-26.3576241051877
-11.2097371214842,-25.9525732717053
-11.1752226625579,-24.439320878657
-12.7639384295429,-25.7802009258112
-13.7028943623876,-26.3388227527615
-8.21967317479079,-26.8231796932962
-8.50905501271832,-26.6934317316699
-10.7832018763009,-25.9980590916487
-11.094445466825,-26.9852052274691
-11.7566539173806,-28.2301579642291
-12.1761955123443,-28.2168862385253
-12.4618040301058,-27.7515166344382
-7.94375531414523,-27.804854970353
-10.8514579873197,-28.6008110349966
-10.6302047497963,-28.8948512284971
-12.0079789625406,-28.9827736699411
-12.4384861789574,-28.7071956523617
-13.0067885384935,-29.6810153529289
-8.96032947721103,-27.4977643555633
-8.77716042790198,-26.4386025790935
-10.3420657071338,-27.2062977709177
-12.0723604835057,-28.4224653852206
-11.9134403556136,-29.1690803470726
-12.4286385912567,-27.8707962382834
-13.5353431204718,-27.9841894429152
-8.4583244213235,-26.6870707935222
-9.28254806657678,-27.3814761362543
-14.9638550804772,-29.6532117326503
-18.2150715608625,-28.7555849732719
-18.6498223705191,-28.5643939741893
-20.0609970382828,-29.8975060183366
-13.7093799614643,-31.1447729224379
-7.74263637395247,-28.1624979373531
-11.0374640596121,-28.8783967579862
-18.5432548142641,-31.386010758791
-14.4226293728238,-23.0545370290739
-15.9289752780046,-25.0297166108666
-15.5926912332194,-22.2055314041439
-10.583915609977,-24.8064001309855
-8.32055003542214,-22.3643691150453
-11.2173234902139,-23.4091786470387
-12.6496731659477,-25.9073134775548
-12.3633071296077,-21.3969638803808
-12.8335192433853,-23.7467285057212
-12.9372247970305,-28.181266320034
-8.38236747199102,-23.3093586870731
-8.66286830031196,-23.3066591100015
-11.6729653406717,-24.1343327486564
-13.0116281103993,-21.9434310520846
-13.4673914955367,-23.3718923112772
-14.6185672658093,-20.0614302165583
-12.1593503113311,-22.6357510136758
-8.10263245709397,-22.3822585113781
-10.4663435932425,-23.9799061839215
-14.8960634341284,-25.5656900530633
-16.8906321854939,-26.0166717264828
-20.6171509504889,-28.9622361524988
-21.3764216754736,-31.0726490969244
-9.54501408341171,-28.4277776866102
-8.40280111492065,-28.0720122701543
-13.083016718781,-30.592956594057
-16.5809949529739,-26.3249718575875
-11.9997176955475,-24.1171860329112
-13.1169441155014,-23.0912559460201
-14.0604065336113,-28.1597666107702
-8.3268114649183,-21.8852877296902
-9.38371406564676,-21.8650177314574
-11.7466187893832,-28.0124166159223
-13.7807302490027,-22.1426975446555
-12.9076651760111,-23.5655918936826
-13.2219141466803,-27.0632570796322
-12.3004125093827,-28.6234479635841
-7.94689391916324,-24.0629888779976
-9.99401791034609,-22.9179349095342
-11.6215919384174,-24.2899253998808
-11.9754576756398,-25.0885296279262
-13.9321300269249,-21.7670033786629
-14.6092441119075,-25.5299436605016
-10.2460863342905,-24.3408162403195
-8.37100790095129,-24.9390816906356
-12.8157390149,-24.9387281234986
-17.9881528335814,-25.398913464515
-21.4519527742761,-27.103283469841
-23.197899505196,-29.7105441055125
-23.9378859707235,-32.3717824691925
-7.86701580961295,-27.5389957314133
-9.30466232970191,-29.3706487645965
-16.0350575771193,-31.4526831632987
-13.6817035505631,-26.1409267572814
-13.3626695019847,-25.5135253481403
-13.3067387000714,-24.3452039396882
-11.9876008915558,-26.2221689603266
-8.11955151806309,-22.3880110450294
-10.9379960277015,-25.9828849715241
-11.5876016698398,-28.9857400569837
-11.8801950879583,-22.0291030578339
-12.8923421513834,-21.7840946316774
-14.334794672777,-26.8859137677841
-8.53655723549226,-22.5169023120925
-8.69368560331378,-22.0759828607925
-10.0733684147932,-22.4444955388864
-11.9317990550737,-26.0860372022125
-11.6671541842773,-23.8143656411054
-12.0570904497466,-24.6724088142594
-12.7461866148045,-27.5017135554875
-8.48863021923254,-22.7295634138669
-8.97549511909049,-23.8617728585802
-12.1794361379648,-23.5879581547939
-13.9358717608112,-25.6250533214357
-12.5632264689913,-25.6722060544459
-13.0483552096674,-26.8349635601914
-10.7504745856881,-26.0188748593237
-8.45311782584381,-21.7456440022221
-9.81059223360485,-23.229574996711
-12.5998658437803,-26.7212544617095
-12.1750520737635,-25.8447914362897
-12.3600407332594,-25.7227754711127
-12.5282254746439,-25.8957257081066
-9.56798873516413,-23.1276552202131
-8.59688204949248,-22.3616375812714
-10.4458910661422,-23.6477316061046
-11.8284906572416,-26.2369919886754
-11.0506520756455,-23.4710486830573
-12.1182977321456,-26.3100091006606
-13.1641735309049,-29.033641170989
-8.29998809039415,-23.1922117924063
-9.1016685202395,-24.0774829593951
-11.3166851302138,-23.7542147183888
-11.1193721321342,-23.1300017179264
-11.2180434921121,-25.1402360376935
-15.4269788330437,-21.8542818651081
-12.4066372221936,-23.9542958394133
-8.1617731806827,-22.7606290090276
-10.0028081879179,-24.4500022582212
-13.8098855000157,-23.0347826516974
-15.771640935915,-21.4678291906434
-17.0718854596644,-22.4654108621204
-18.1174091255906,-29.2592373934265
-9.8276536261659,-29.5801262350552
-8.29760428556638,-26.7038980437758
-12.3414625907082,-27.2351182723024
-17.3138511485743,-25.6977304675384
-12.4402943376597,-24.4814145636403
-14.1732763482966,-24.0720533901186
-14.8117754332791,-26.0553607448023
-8.38902426640072,-23.6831215518956
-9.10843214636393,-22.634412799512
-10.7246644267273,-28.6707799837027
-10.7740732864377,-24.1905974052367
-11.44870406748,-23.9264422189978
-13.8818273873244,-27.0796504948834
-12.3945522302813,-27.883072950531
-7.79050970168438,-23.4429493101072
-9.50988024966221,-23.0028726109973
-11.9831696548891,-22.6369836527063
-11.5125423432715,-25.0776020049495
-15.9695920329029,-21.4577813545362
-15.8550628135798,-23.4370846172755
-9.20828631871801,-25.8130620123522
-8.52565360249195,-23.2856563231887
-11.3371583173899,-25.3214442845971
-15.3290014139754,-23.5511380841655
-17.4830424258206,-29.2652191074842
-17.9040048263632,-29.389924700901
-18.6620818160101,-33.5862006569068
-8.04828599559091,-30.0432818868207
-9.14379717100846,-30.6101937932372
-15.6227860264502,-31.1303624315424
-14.2463398278123,-23.7197947615084
-14.1936825794465,-25.3923305128074
-13.576133248333,-21.9596158510282
-12.6658166574433,-27.6894363011063
-8.0253443623313,-22.5489346570449
-11.2208996249804,-25.141563686274
-12.8924426733418,-28.3714627628871
-13.5480804118639,-22.9278020843036
-14.9614789076928,-23.0654953550248
-16.7723249731521,-27.6975460973095
-8.99119135907795,-26.523345594241
-8.61654596709696,-23.160586407776
-10.1590117118015,-24.0377303523153
-12.7094286725069,-23.6527393454103
-13.7759596032572,-23.4794262220108
-15.4548608780959,-23.9840722897318
-15.9960492925919,-23.078626460654
-8.13603991993372,-28.1341460299391
-9.18116425375904,-25.609049440971
-14.2465605946117,-23.5925260350431
-18.5238612117741,-26.5694934641574
-19.297861787281,-29.5326134969819
-17.8833504762243,-29.985627068213
-12.9876398994201,-31.4292410366418
-7.67328474997084,-30.1756129914143
-10.6781043837748,-31.0791022239347
-15.9830196371077,-32.1599608674936
-13.8049274356705,-26.6356674076951
-14.2469147216756,-25.791575615398
-14.1055514066293,-24.5157579292132
-9.70148599569346,-25.5026960488655
-8.56219657676759,-23.7760902617312
-10.0456721527145,-29.7139854832394
-10.7579486144083,-24.5385804739809
-10.4973245796625,-23.1144482607915
-11.5905222922604,-24.5850714540137
-12.8208712826312,-27.6379637469377
-8.28606159268004,-23.3731047452121
-8.72332152769092,-21.7634269510122
-12.2925674298125,-26.0267813629369
-12.3679872275901,-26.4250599369695
-14.0969391239757,-23.8114071071836
-14.229399346711,-25.7727245912715
-11.2219489586701,-26.1195896200679
-8.18409135480545,-21.021374755682
-9.85372503961699,-21.26789847902
-11.6219995356636,-24.3522956675918
-12.3184185062133,-25.5923034105417
-12.874734451044,-24.9544769039664
-12.9495826628512,-27.3070882158585
-9.76800025504994,-24.0358429302238
-8.35809949594102,-22.2788390864073
-10.5844697321452,-22.3971828990734
-11.8588830762096,-25.4387702518046
-11.0761333516253,-24.6141093409276
-12.407574937266,-26.612504200196
-13.2057739191102,-28.2310872910039
-8.32087148232808,-23.2034353360605
-9.25172939979341,-21.1061919181157
-10.6223005039865,-23.5887375952077
-11.5201055707161,-24.7439431910343
-11.7066214473652,-24.057155999526
-11.9716079056362,-24.7572251212356
-10.8835705176541,-25.2102565648358
-7.97253848153914,-21.4559626100534
-10.2872359187078,-22.9243537894849
-12.5756806508483,-22.6786677823735
-12.486832316739,-24.0371295296887
-13.1022904275111,-25.3534551276839
-12.7663770229003,-27.9819680640376
-9.92896483839523,-20.7042060982034
-8.30376388767658,-22.1787994714553
-10.6489899586241,-24.9181290309205
-14.2301883292686,-21.4982188341474
-13.7613998238829,-21.7049272528224
-14.5093803334315,-23.4559905934519
-15.8855960183712,-30.9535599112375
-8.21335986396227,-27.6509153083458
-9.06775987746021,-28.5884189436958
-13.8855279573541,-26.2517262083165
-14.3213916726043,-27.5139616982847
-13.3294452497861,-30.1812843094779
-14.3558649163194,-32.9666886468132
-11.9180849982489,-31.0627992198155
-7.73667273243695,-28.3541103435685
-11.1889121610192,-30.2415587664791
-12.3867940544122,-32.4366460734292
-14.581467851489,-32.9151937841031
-15.3130149403158,-33.9916370255123
-15.9501202136101,-35.0958040310431
-9.80252799793693,-32.018021700288
-8.31090861395033,-29.4427916855532
-10.9461862848113,-31.779437450983
-14.8724827902283,-33.0919940857729
-14.4426931158735,-32.1243002594167
-15.1530753604557,-33.6629297829377
-14.9296765623415,-33.6783880662936
-7.97384518938279,-29.2291670902517
-8.95201117960424,-30.069768279401
-13.5796089013468,-32.307072423843
-15.3752091546193,-31.2132639069641
-15.5795875002602,-33.1584246864539
-15.2722105525534,-31.3928114631437
-11.7513025574795,-31.3799358039866
-7.67416680876851,-29.3559673631882
-10.2531284526861,-30.6180320976679
-14.109555794571,-30.7850866172665
-13.7727017658849,-31.84366706092
-13.7327785468095,-31.3299203086329
-14.2823153159425,-33.0436558927753
-9.59833460400996,-30.1491740094374
-7.92187610883389,-29.1926683089708
-11.4107342990087,-31.0715044920671
-13.0906432003532,-32.6120205185676
-14.8528329953205,-30.9304570272391
-14.4180651886927,-31.7073844842304
-15.8836595021079,-32.7315334002028
-7.90513128221148,-29.7236980301982
-8.64512439188994,-29.6115089456143
-13.6423803637915,-33.9660494884756
-15.2247252930324,-33.1802852022612
-15.9657775614383,-31.9927696169675
-15.849154135282,-31.9744776020819
-12.739850828757,-31.4880880469743
-7.67946972498327,-28.8062206696651
-10.4482237964884,-30.936053696511
-15.0742405359803,-33.328328414207
-17.5895917827694,-34.8027655573717
-17.2938522504676,-33.4412838755597
-17.8472554018145,-34.04777536985
-10.1649156388774,-32.2871859236882
-8.18139935340094,-30.3559624037252
-11.7102165355403,-31.86890582353
-15.6990463990549,-33.5663557573017
-13.5099163764717,-31.6769595354116
-13.9535927511602,-32.9311798029335
-14.3492596913545,-34.4267845469131
-8.27078586952192,-30.0388926784179
-9.35362826136772,-30.3366735369084
-12.2391689203434,-32.4001968185066
-14.2052576468146,-33.0729881578745
-15.1011352555876,-32.8261546440462
-14.8833080004908,-33.1589586549412
-11.6884664119747,-33.1584598316983
-7.21084123591526,-29.3772445567733
-9.9910707134897,-31.833577975298
-13.6994901663181,-34.2628476205226
-14.1778459826818,-33.6930286179416
-13.8016352397815,-32.9379466401007
-14.5466056164212,-32.6468455785458
-9.50640117838259,-31.0900034923532
-7.93113057867027,-29.5624768181763
-11.4688945680393,-32.5012729143827
-15.3950214793234,-33.0280629886167
-15.0151962868667,-33.4429494065166
-14.8921004947618,-32.9257488173653
-14.9706243905744,-33.2643969665399
-7.98389360518801,-30.4495601630603
-9.0849867158691,-30.4583533836068
-14.4595243371041,-32.7943403526622
-15.4192347131551,-32.7909280074269
-14.7389754961765,-33.4449870864991
-15.0833750825455,-34.1610318438078
-12.5391180401477,-32.5733527855006
-7.83289609379939,-29.6085401923502
-10.7226117215407,-32.1292408136998
-12.1480568311829,-32.8939893922374
-13.6098789555391,-32.1145181331113
-14.8459518462697,-32.1897532286783
-15.8600568249389,-33.4608122460449
-17.4639817223181,-36.0710185598641
-18.6387904096708,-37.6569606935411
-18.9271845790935,-38.2666852433471
-19.1027920008362,-38.5259321254985
-19.1256828519367,-37.2464545545731
-28.5155448016631,-38.3921620298927
-29.9829601590131,-36.708506610212
-27.7245163002924,-35.9400501348672
-29.2264175784114,-35.9365458074359
-31.0943192774419,-37.1836925805093
-30.3459725718404,-36.9956371768119
-31.4897277969893,-38.0611430965116
-29.5864657504835,-37.1743437710461
-33.0791164808944,-39.3292797804981
-33.1479589793374,-38.2322404284971
-30.9685182043368,-39.1687423633758
-31.3848039971379,-38.7708473691607
-30.8959921111833,-40.2457842106161
-31.6295919682049,-40.1196157235732
-32.8580105966294,-40.8609416481573
-31.613964216171,-41.2897645803632
-32.8105039186557,-42.1814968388641
-32.9002121694727,-42.9261087405709
-34.2158122421433,-44.1187475115438
-33.4143107011197,-44.2998065750253
-36.4728760653621,-44.4195552556765
-38.1716376022602,-45.790397828657
-34.8387847860851,-43.3723550033906
-36.7019810810562,-44.6868031545387
-36.8496864812212,-46.8673387611689
-35.9122196800956,-47.5398263645077
-35.4786738028524,-47.1651900171212
-36.7673251571893,-47.4153611358173
-37.7536556083316,-47.9077103527857
-36.1681526254147,-44.7235550822415
-36.6848682960279,-45.2810646479477
-37.0614681131718,-46.2296641085301
-38.2695221821475,-44.9274209544273
-39.9207008963778,-45.6393690131588
-38.0743851484807,-44.6615629354087
-38.3385634684569,-45.8376255493216
-38.3317288797511,-45.4788918581348
-37.0433047209244,-46.5659331159485
-38.3781928733419,-46.4746191853699
-39.4486541297248,-45.930207852448
-40.6019838912383,-46.5978194629225
-40.2488880676973,-47.4737025710679
-38.9139577162161,-46.6383170042044
-37.4805979811992,-49.2941484288234
-40.9741224978872,-49.8792704558059
-42.8300387072589,-50.312781046653
-39.7199834132802,-49.7185469918017
-43.1329948307666,-51.6585588390048
-44.8409981136374,-52.5014624592914
-41.7042317749445,-52.3440568059574
-42.321328370192,-54.4398400793709
-45.0726590246631,-55.3377810391934
-43.2879766140442,-53.7604707047238
-42.3171965666713,-52.2019885917823
-45.9881336297507,-53.2991472411898
-44.4263731922333,-53.8706954900303
-40.1181652964558,-53.0361139971465
-43.6589291380382,-53.026358791679
-46.0653319924615,-54.4224974747474
-45.8333470166339,-53.6291928709166
-48.7846160774638,-54.8625116391973
-45.8075690541067,-53.6478962442586
-46.9283816475923,-54.3080128520141
-45.2219315985712,-55.4923944676441
-44.8601448818341,-56.1175557479797
-47.7719044754392,-56.1688762694618
-47.1314177232633,-56.6695561696881
-48.6379016210816,-58.6062125364625
-50.0686639364767,-59.5468659389636
-50.7071090196924,-57.376056798776
-51.0865946467579,-58.7886554855526
-52.9583981420666,-60.5744498333466
-53.596277086783,-61.7965726433125
-50.9739422372691,-61.3419079155324
-53.8643495864601,-63.2338497135794
-55.3836200333976,-64.3797282352303
-55.1287957026784,-63.922391001199
-55.791492173249,-65.6725441921709
-55.6272325406287,-66.9864627012261
-55.755576710924,-67.1165390727443
-59.186851622429,-67.7599736752265
-57.2339896869981,-67.4155301281072
-59.2093461704855,-67.65347818356
-58.6861346563125,-66.7890614516342
-60.4436206201267,-69.6915811825064
-60.9033273651347,-70.2028987133372
-61.7912145191729,-71.1168327579172
-64.1682131855861,-71.9361893103011
-65.169084156265,-74.0552674863808
-66.3991122290626,-74.97491138946
-66.0736636395819,-76.0798021559898
-68.4105782713449,-77.5474168663618
-69.9335932242655,-78.4441473701635
-71.2778649468211,-80.558694595231
-75.0181421406371,-83.1647126172037
-77.7148776649335,-86.7122138105302
-82.1389621145126,-89.6928243484962
-87.0997210586266,-94.9794626731118
NaN,NaN
NaN,NaN
NaN,NaN
