M,S,M_dB,S_dB
0.632089099354505,0.403533361443711,-3.98443398401612,-7.88241109779825
1.83403532612568,0.719028957535125,5.26815393086429,-2.86507237747526
7.11193237444292,1.66562229323588,17.0397523677192,4.4315304989072
14.3985880071132,3.23011536000957,23.1663981047024,10.1843606591356
19.5293668433289,5.39719705420803,25.8137632672872,14.6433654930178
28.6635861934566,7.74777896873817,29.1466105088019,17.7835444504753
42.828160511068,10.5589781371869,32.6345884330406,20.4724378130951
40.6067822627351,10.7815192964677,32.1719715352306,20.6535992904469
32.0501957387409,9.28172605391402,30.1166137242078,19.3525749252086
35.6549032101598,11.0550012453697,31.0423852367399,20.8711759167789
37.253290308998,11.9988338101498,31.4232927362821,21.5827807635719
42.2677573027505,15.4964029048369,32.5201841016576,23.804617989369
58.3692841484118,22.7258078211524,35.3236873415155,27.1303865956652
55.2395002765474,21.9396837283311,34.8449948216946,26.8246072541716
52.9583692796066,19.7479948490986,34.4786920725256,25.9104601053955
43.413753139836,16.2554593024817,32.7525466485698,24.2199849023153
49.7386445155928,18.8017135163767,33.9338789128401,25.4839486201625
40.4256438254887,15.8725472081718,32.1331389055851,24.0129325485621
29.1603574787134,11.2980295139183,29.2958568744558,21.0600540982436
22.6859842838723,8.827863477954,27.1151525376178,18.9171121643966
35.7312192055748,13.6517630149987,31.0609567053641,22.7037748125075
34.2113797561147,13.9227502807076,30.6834117955302,22.8745006735283
21.8324510353321,9.26985246742363,26.7820498963776,19.3414564453631
22.6662380828863,9.36338245448381,27.1075889244398,19.4286552567198
33.6760320197471,13.6346579352071,30.5464182756443,22.6928849376461
31.6688579092867,12.2330045236588,30.0126480292707,21.750662726649
23.5778969239038,8.98257686758369,27.4501012950146,19.0680188465615
26.1014496101696,8.36999630358972,28.3332925530608,18.454505323949
19.9378131558943,6.57807854164312,25.9935504351687,16.3619810922625
10.711447675166,3.92405554091532,20.5969634126185,11.874702914741
9.7434859804699,3.64518297768118,19.7742872920366,11.2343866706531
12.4206789292852,4.15668546617656,21.8829067109875,12.3749432590827
19.7037151297435,4.82887529462625,25.8909623996064,13.6769197983983
19.5791095245643,4.86215565965248,25.835858716286,13.7365771693154
15.8104346724668,5.05389156923808,23.9788762009955,14.0725183987427
25.0795123205549,7.02427806067972,27.9863817448074,16.9320339014365
42.5538329364888,10.3257619118836,32.5787736847439,20.2784421400671
39.1200467530326,9.57388585442556,31.8479873029718,19.6217649051817
23.9188046370518,6.52560106366361,27.5747894323272,16.2924104017698
23.9013698621219,8.04154554274519,27.5684558486797,18.1067905177031
23.8976050634161,9.63282607770743,27.5670875923023,19.6750743819429
20.4519727289816,8.53089664102614,26.2147040991804,18.6198936029164
14.2584043664497,5.46117867868936,23.0814185417063,14.7457277200511
9.82362108792588,3.6825653315366,19.8454320543691,11.3230092060118
10.1936244781606,3.78330964001502,20.1665726123902,11.5574377401916
10.0401830830418,3.67436428169582,20.034832645084,11.3036442135261
8.73582201802096,3.32069599110385,18.8260755443497,10.4245823573186
7.90367565283696,2.93961202718127,17.9565821916284,9.36580031182923
9.27022037146682,3.73996061340389,19.3418011661142,11.4573405709004
9.39684480646987,3.59966558045158,19.4596410865369,11.1252431080637
6.8783992027109,2.87366151463346,16.7497475486597,9.16871223501653
6.94278279873482,3.09555743844534,16.8306715759465,9.81477733621399
7.42039083707248,3.20815438893004,17.4085356093911,10.1251052012637
7.90809176594101,3.48885135456816,17.9614340049687,10.8536493272482
8.90435093969634,3.56105182006766,18.9920453629439,11.0315658705965
8.43258846586913,3.10835419969019,18.519218120942,9.85061002372456
5.82015974006296,2.38291687169401,15.2986980891347,7.54217784403959
5.28730747619424,2.19116478099271,14.4646913389198,6.81350077608779
5.92234423396572,2.57655219264576,15.4498729397111,8.22077888586207
7.97839838811534,3.4871880975137,18.0383143658249,10.8495074735251
10.760802991026,4.27418011772125,20.6368936079451,12.6170563953265
10.891936467456,4.0220421948136,20.7421019888089,12.0889324484297
9.23578895085626,3.0178890678121,19.3094800039028,9.5940654369391
8.1867130299188,2.69570699939201,18.2621913453335,8.61345372564535
7.6820968573215,3.17425590313208,17.7095955706031,10.0328387183085
7.48912065935201,3.01920667507942,17.4886165536946,9.59785685982831
5.25260125051909,2.22999338625674,14.4074886546599,6.96607150027746
4.50787791464223,2.05640095320138,13.0794429136075,6.26215593006218
4.36233137859937,2.21328543670771,12.794373061767,6.90074852791934
3.89864823786743,1.90212702502869,11.8182810400264,5.58479031960903
3.87757187774585,1.49390667285926,11.7711971397403,3.48646934278377
4.24673431861549,1.83462052920404,12.5611018359264,5.27092497813501
4.81419370982357,2.22524929447634,13.6504712219581,6.94757344027729
4.72983316623897,1.99683012897192,13.4969164457937,6.00682241721343
3.66317199671729,1.51353886632805,11.2771462109735,3.59987155461399
3.52353785497561,1.49699294441446,10.9395788336444,3.50439506886389
3.45678656185797,1.60129464080795,10.7734513000239,4.08942500320563
3.43346094547571,1.64584029453755,10.7146422359392,4.32775381599251
3.37584195655288,1.39975515262013,10.5676421299039,2.92104149691244
3.20737567637155,1.35562224080869,10.1229966268179,2.642773708194
3.67029288212699,1.60848147872443,11.2940144295455,4.12832128941521
4.19069151374241,2.05940754343479,12.4457138522753,6.2748459838491
3.64104152727497,2.21906306158414,11.2245126446691,6.92339288473807
3.43565724452356,2.38318944639126,10.7201966058785,7.54317134002267
3.21954525820629,1.75747044831255,10.1558906898276,4.8977606227113
2.95620801780481,1.46746117750575,9.41469981100654,3.33133241143494
3.07893973297186,1.59825254128426,9.76802376251396,4.07290807303438
3.33490798907264,1.36194237583938,10.461677122537,2.68317465690389
3.37697542062961,1.25733480917554,10.5705579925497,1.98901878229563
3.53368457782516,1.34028584388291,10.9645556220136,2.54394861180852
3.93342310631387,1.4322008331374,11.8954132930775,3.12007844055016
3.94976058960179,1.63121180163893,11.9314154428282,4.25020709709032
3.59917478633443,1.50607325605858,11.1240587552163,3.55692193302076
3.21928116715748,1.36093493102861,10.1551781793315,2.67674722455502
3.2390690777481,1.27535520074215,10.2084042011107,2.1126231501207
2.97399781356611,1.24595713799974,9.46681289799898,1.91006204950676
3.43180963472086,1.42615263136852,10.7104637835144,3.08332015146515
4.1512397944514,1.71283032638315,12.3635564184696,4.67428687442756
3.2307264051219,1.38077946481792,10.1860036247486,2.80248639038648
3.00180178684899,1.44418654471147,9.54764023569501,3.19246588830457
3.29011462921203,1.62957604523423,10.3442205849388,4.2414926382141
2.87114373572801,1.68504994591692,9.16109869542625,4.53225556307462
2.31198852929054,1.32904316738952,7.27971350086793,2.47078174157256
1.66595552569728,0.968194557190025,4.43326806624047,-0.280747262429379
1.63888612309147,0.866520058373764,4.29097555913218,-1.24442759402226
1.85649360899992,0.945355188452402,5.37386917002249,-0.488099757799667
1.73332780264454,0.915219445041537,4.77761406347826,-0.769495225904583
2.11512018300612,1.10141432989078,6.50670098820204,0.839014450931531
2.69823784290955,1.36174558939072,8.6216045798867,2.6819195458926
2.85577456369012,1.19347383284071,9.11447842055847,1.53625802902613
2.58110310398325,0.982470145038079,8.23610706179284,-0.15361275884142
1.85045070951388,0.856417707411529,5.34555042551824,-1.34628723503417
1.84254457626,0.897677877715804,5.30836006890743,-0.937589547892575
2.18472072380321,1.13926397449277,6.78791856651246,1.13248728900678
1.98409825051945,1.09975916460857,5.95126348339893,0.825951795289426
1.66964027896356,0.806274599855672,4.45245826499806,-1.87034043209869
1.55736624154072,0.817123581470637,3.84781512838556,-1.75424511924187
1.77481285450436,0.930763469141946,4.98305131074038,-0.623213407177748
1.90256351025202,0.909419915040221,5.58678326093238,-0.824710791547758
1.91024621872455,1.03479976280288,5.62178697366369,0.297126409908086
2.21763563900318,1.25962391295323,6.91780384826314,2.0048179355279
2.29005836138971,1.18494387233918,7.19693100668018,1.47395558902069
2.05307493088608,0.976826372865481,6.24809600130855,-0.203652471940509
1.89056633218161,0.838265666262017,5.53183839139046,-1.53236642675545
1.90914112148259,0.852383254603233,5.61676064242473,-1.38730181512217
2.08879116640871,0.926594846885658,6.39790044335958,-0.662202387758644
2.36940806783775,1.06948017803555,7.49279725792035,0.583454793587026
2.72019928998074,1.48398739142048,8.69201445839266,3.42860422021097
3.26930719388993,2.75932224933776,10.2891146021436,8.81604845638854
3.81290156704144,3.16399747357554,11.62511187551,10.0047225609082
3.15614404967034,1.7950374636606,9.98313633275828,5.0814703406409
2.68423409332841,1.37346696151313,8.57640776352706,2.75636434021922
2.34883618043853,1.14768470675789,7.41705455937032,1.19645189151249
2.31405603397895,1.32453611431724,7.2874774203459,2.44127608218366
2.14480718594975,1.17782232378865,6.62776512070024,1.42159562875008
2.11248906573183,1.26995641572793,6.49588939428436,2.07577632882528
2.31193709738144,1.39636594555292,7.27952027462581,2.89998497473061
2.25489702100127,1.2888352538805,7.06253425703241,2.20394813910417
2.09648664142326,1.51448367870183,6.42984198945762,3.60529194772645
2.33337071026285,1.92992777427589,7.35967484129955,5.71082112502209
2.0332277118923,1.44397389411988,6.16372040581783,3.19118683223241
2.34655867101976,1.68289410693521,7.4086283470332,4.5211357928313
1.95946928183432,1.32366063480753,5.84276919058283,2.43553306578481
1.57098154783529,0.968882524520439,3.9234216801709,-0.274577545576873
1.49141499100739,1.10444538264574,3.47197008204005,0.862884877629091
1.84729355302354,1.45691357336304,5.33071829135115,3.26867578866257
1.98306375510605,1.525758206304,5.94673353822262,3.66971428983243
1.3773076395475,0.898149186264211,2.78061912809341,-0.93303038491631
1.13135571586047,0.738516374896823,1.07198350693472,-2.63279741534151
1.2706935628039,0.803326138797284,2.08081659677457,-1.90216203280371
1.38044744052582,0.808401530705467,2.80039751723619,-1.84745745641749
1.40794891602191,0.802834122833519,2.97173795560673,-1.90748353975067
1.59895109329423,0.902837083121542,4.07670360591566,-0.887812220412209
1.54531225885108,1.03549256243124,3.78032499681631,0.302939677208019
2.18474971889376,1.34664797498839,6.7880338427959,2.58508164718908
3.55889840355265,1.8534760574477,11.0263118061222,5.35973960676667
3.0574615024026,2.14249401950713,9.70721994769467,6.61839236640947
3.00229049898586,2.60786244956188,9.54905423784319,8.3256936202495
2.15653006436687,1.86354313972624,6.67511034120093,5.40678901642233
1.79438789113934,1.33749441105387,5.07832659770967,2.52583951848537
1.80565775528942,1.46350325249804,5.13270875039663,3.30787383898872
2.10987323101967,1.85699070992557,6.48512724128506,5.37619462150369
2.50019568061071,2.33433599883784,7.95948001091047,7.36326735071513
1.79414053441745,1.44987350153368,5.0771291635884,3.22660225183856
1.46836860462019,0.840459151661677,3.33670180449009,-1.50966778938086
1.47398950061919,0.927733363827418,3.36988780018402,-0.651536494102187
1.57196942542718,1.18606510709652,3.92888189644192,1.48217059130119
1.73977436661003,1.40158842777502,4.80985855541946,2.93241006166561
1.94958554542366,1.64017940295341,5.79884592503097,4.29782707621546
2.01705265496331,1.37494331178239,6.09434471151885,2.76569585586948
1.71283561826634,1.14649059599193,4.67431370991833,1.18740993621561
1.6423341595637,1.09573590348751,4.30923052082929,0.794117844298278
1.58704878455161,0.959029946139674,4.01180553617988,-0.363356631557278
1.70357241225677,1.18329481674391,4.62721196940936,1.46185924308347
2.04747003139236,1.3365791476668,6.22435107510889,2.51989362589438
2.19086380395477,1.21462262757318,6.81230760571544,1.68882734930963
1.9060438481889,0.848852441139373,5.60265774564153,-1.42335596116503
2.12794565176434,1.50534770012101,6.55921063561566,3.5527364677447
2.72222211472998,2.0319720290703,8.6984711555249,6.15835450822158
2.23891665223851,1.27152432794387,7.00075852949356,2.08649347805528
1.64657867913668,0.954504472629577,4.33164975226143,-0.404440644855343
1.71777025950279,1.07935266244365,4.69930158685398,0.663267342763916
1.82153247377409,1.13020510222267,5.20873836256258,1.06314527109656
2.32397361355336,1.55479782202367,7.32462385514702,3.83347847191205
2.14979960631932,1.43185887824059,6.64795958039722,3.11800433399633
1.38243162762089,0.759954227688549,2.81287322295249,-2.38425129282956
1.26776041348112,0.685542270355798,2.06074373125385,-3.27931523131019
1.12833500793258,0.558632824661976,1.04876125705525,-5.0574709842027
1.23862176441787,0.695819294946103,1.85877413875023,-3.15007065024412
1.45037672794054,1.01386066577745,3.22961645318742,0.119565485708263
1.38754138535636,0.977040219650212,2.84491890852644,-0.201751165488814
1.16990220657878,0.746426667071295,1.36299120213251,-2.54025706489271
1.225809198332,0.769350873524673,1.7684575184886,-2.27751097556494
1.50919990050787,0.843943446364047,3.57493535797266,-1.47373309959439
1.56768100139214,0.925162972225224,3.9051539038374,-0.675635146218206
1.6735604807636,0.912021455385657,4.47282823871329,-0.799898894703737
2.31891686589642,1.33166696804012,7.30570358569966,2.48791254433633
1.97878908462433,1.29560721157134,5.92799012096137,2.24946713404472
2.5579824063658,1.65357819968434,8.15795106208235,4.36849476078321
2.04734665981232,1.22011568689065,6.22382768565836,1.72802021671256
1.65629205389167,0.799948461368818,4.38273836649288,-1.93875985176486
1.29486649308467,0.787399942682717,2.24449985783426,-2.07609242318859
1.0719557330469,0.973428386609029,0.603537026343832,-0.233919864790334
0.966566849085388,0.834833159634517,-0.295362083925775,-1.56800618110427
0.828912923959819,0.664262074592088,-1.62982178055008,-3.55321084957525
0.814840424562789,0.600558770065187,-1.77854867225286,-4.42888973137909
0.838315498945356,0.660769695639777,-1.53185008886862,-3.59899765873576
0.851732231766804,0.798136353767018,-1.39393835217544,-1.95845814717253
0.832240647301662,0.683777989860511,-1.59502153467498,-3.30169765651442
0.729504212213513,0.490788283824318,-2.73944392226998,-6.18211626735955
0.725401996259882,0.453629395929174,-2.78842507206625,-6.86597620416468
0.73989326370635,0.505024475627065,-2.61661853313055,-5.93375147239141
0.792263160394162,0.552358395121959,-2.0226107590273,-5.15558081799509
0.940507306398788,0.684946254014228,-0.532756525050342,-3.28687010302151
1.25854366484911,0.935904137670342,1.99736575762489,-0.575372653718148
1.55411704324586,1.10649989524509,3.8296744633221,0.879027542952302
1.44206923967089,0.9975696996648,3.17972226293981,-0.0211350131288918
1.08908154564296,0.763466956840941,0.741207980733031,-2.34419509283716
0.931902844554811,0.662934432664543,-0.612587252343667,-3.57058846478894
1.05740576803248,0.636884140270172,0.484833502086294,-3.91879131617618
1.08580375075581,0.722545953306572,0.715026750624912,-2.82269053868578
0.83907217446071,0.673778770083866,-1.52401361723095,-3.42965354417374
0.808647356756809,0.649727262646121,-1.8448165740235,-3.7453781959112
0.777168101014392,0.532305599175788,-2.18970066782015,-5.47677931158684
0.920745993653821,0.58972539741075,-0.717203243386022,-4.58700336549426
0.893980881261371,0.618654303813141,-0.973435379148151,-4.17103922913013
0.97585558124703,0.703384326721469,-0.212288993148053,-3.05614626300922
1.08516292680395,0.690735443886262,0.709898964609169,-3.21376516714275
0.83975142444313,0.571570515864475,-1.51698501612033,-4.85860364267455
0.861096699187211,0.671039236803082,-1.29896151064122,-3.46504170306225
1.44181103741472,1.08210407367086,3.17816691660649,0.685380639576658
1.83486315616446,1.27276914388155,5.27207360349229,2.09499276073387
1.10837770580298,0.747737686938532,0.893755633721053,-2.5250145960547
0.874273535701067,0.624854374270384,-1.16705335051978,-4.08442371135708
0.891856822569543,0.68410111094697,-0.994097220974219,-3.29759408603475
1.08241262026305,0.884146111339751,0.687856944493698,-1.06951917699899
1.11921578822409,1.03515076991924,0.978276558092865,0.300072189583393
0.787393120659376,0.735935940587779,-2.07616767795474,-2.66319974205514
0.768363958858824,0.591394497144213,-2.28866028994525,-4.56245441699687
0.873023788526049,0.607930990787764,-1.17947844582356,-4.32291433629033
0.865449908245901,0.61352315291811,-1.25516127563201,-4.2433808675466
1.13170896108455,0.866124545856098,1.07469509453336,-1.24839306753045
1.07685434479408,0.793881294522149,0.643139292884746,-2.00488861614482
0.788028922271198,0.573497194466793,-2.06915685446576,-4.82937404629423
0.931887685033498,0.752532951147269,-0.612728549261974,-2.4694895774566
0.830307984493685,0.699878695544511,-1.61521571498132,-3.09954452602488
0.812298921455916,0.626482579099581,-1.80568246814717,-4.06182002272188
0.933236677456169,0.728887863668234,-0.600164023716398,-2.74678561844365
0.956284935735588,0.779308475607004,-0.388253711380083,-2.16581200866082
0.737935697277393,0.608027723617875,-2.639629607287,-4.32153236389514
0.825555226529357,0.703199219119119,-1.66507737534785,-3.05843240409086
0.883648833625467,0.749092623367047,-1.07440582912113,-2.50928959179993
0.886688997069129,0.755855791655052,-1.04457361331063,-2.43122109692034
1.07361550343016,0.89271930871462,0.616975485066812,-0.985701434521114
0.984138823329181,0.853829672191527,-0.138872707118437,-1.37257513434889
0.944001401193286,0.795761253088162,-0.500547221452593,-1.98434422361358
0.783883750826679,0.678531962171621,-2.11496675952178,-3.36859380259547
1.12136397393278,0.913089143551349,0.994931988102658,-0.789736417275373
1.25614896852044,0.985602137763118,1.98082292130451,-0.125967263947727
0.958059274781169,0.733053085528508,-0.372152408950713,-2.69729147805599
0.96020114173029,0.691945599286846,-0.352755639345603,-3.19856096803954
0.7352169401675,0.541283695407749,-2.67168989814863,-5.33150109132455
0.637009425021027,0.517340387111197,-3.91708283824299,-5.72447232569529
0.658857021649755,0.519428714206385,-3.62417642574141,-5.68948092175488
0.772955625268125,0.711753661238885,-2.23690875693401,-2.95340580355678
1.03501228814309,0.899109112721598,0.29891011935744,-0.923752012333955
1.06232842806624,0.912253339923562,0.525176068360027,-0.797690758603797
1.16120696659902,1.00447165538006,1.29819265387886,0.038753722915524
1.17324282777069,0.987033491648205,1.38775815955923,-0.113362215275334
1.06502036493346,0.951044052330139,0.547158245517061,-0.435987321802762
0.984407350933811,0.832344832445072,-0.13650303839179,-1.5939342481766
0.778598057301163,0.642339678792507,-2.17373368470334,-3.84470499585734
0.64742641259409,0.541482174788758,-3.77619173938937,-5.32831670942697
0.740944008058218,0.662746453230445,-2.60429219426288,-3.57305175538491
0.79078038998692,0.898866699567325,-2.03888217983467,-0.926094172782608
0.901049831178211,1.09069027525425,-0.90502380733793,0.754028818459448
0.90370264423143,0.875186685148588,-0.879488939460288,-1.15798596396249
0.674641629133503,0.541183042182617,-3.41853727879289,-5.33311640711647
0.639609146152958,0.501770772723604,-3.88170669290754,-5.98989278368574
0.870215396657615,0.722085813695905,-1.20746474069393,-2.82822374389807
1.74702776828173,1.81841946767838,4.8459961593688,5.19388144443991
2.43115626373294,2.81831808646147,7.71625748452513,8.99980015445185
1.55623650899743,1.74245112403342,3.84151199121077,4.82321209855406
1.05633743101626,1.16309157237175,0.476053383277687,1.31227817780453
0.988168308697294,1.03742628703537,-0.103381567494838,0.319144965107567
1.25322991082883,1.25531970729186,1.96061503272973,1.97508693754033
1.58982940545778,1.53288572123273,4.02701050850767,3.71019557604386
0.993219441834901,0.800905718550081,-0.0590957582057619,-1.92837210836263
0.800042097274636,0.545233256270567,-1.93774320683452,-5.26835324844522
0.750180331662466,0.542105989876319,-2.49668652864417,-5.31831588110419
0.68540415728646,0.518712871822924,-3.28106531411097,-5.70145949772198
0.736717399559084,0.545750927265511,-2.65398145987902,-5.26011035448539
0.809713144116541,0.545335865977245,-1.83337621482344,-5.26671876866316
0.842544703727011,0.718884045909098,-1.48814094107543,-2.86682309033785
0.886157540786721,0.819120827798059,-1.0497812504706,-1.73304062228839
0.85228433621488,0.722176701130568,-1.38830986409312,-2.82713053789168
0.774558350527754,0.592995537951668,-2.21891719120937,-4.5389714902277
0.792343257947184,0.672134516790496,-2.02173266273996,-3.45087602542501
0.759486150473214,0.619685682915474,-2.38960282517204,-4.15657075161135
0.716930876778517,0.559963772361924,-2.89045430033446,-5.03680138745624
0.904232264892505,0.809550365644902,-0.874400009852805,-1.835122534476
0.742465935808341,0.623134583506136,-2.58646933798828,-4.1083629011096
0.677851942083903,0.471736746137178,-3.37730310666481,-6.52600585761558
0.658081835226817,0.517602273225477,-3.63440193387499,-5.72007649968074
0.736134137495663,0.627679016588416,-2.66086083644932,-4.04524779283524
0.627698533571349,0.535989953511758,-4.04497771892828,-5.41686701119298
0.558015825155998,0.374860606010993,-5.06706968861511,-8.52260394115463
0.624720768836385,0.50097231695942,-4.086281113956,-6.00372543969844
0.919010810489261,0.837616576794495,-0.733587597996626,-1.53909472736893
1.24162582893338,1.17008446787611,1.87981476846535,1.36434428805766
1.00737003889584,0.953098486435201,0.0637805993695673,-0.417244402650251
0.602027696764114,0.492194671626632,-4.40767056437422,-6.15726184337043
0.58516959790545,0.447694255758955,-4.65436490879113,-6.98036955786126
0.746815432506651,0.655903761589473,-2.53573432374599,-3.6631975684857
0.782746202674144,0.709456499168036,-2.12758061185532,-2.98148456932991
0.955674966332789,0.788978710526179,-0.393795801556059,-2.05869430908779
1.30421226267325,1.16266147881867,2.30696558567429,1.3090656740722
1.46629138105529,1.38188503086902,3.32440563543504,2.80943824808405
1.06826451909033,0.910487911892737,0.573576083011227,-0.814516314967832
0.79517213841236,0.589232670838428,-1.99077690686656,-4.59426362180596
0.827748783502154,0.656507599315915,-1.64202897669311,-3.65520484855427
0.836675414188573,0.744692441402244,-1.5488598524864,-2.560461084109
0.693226817744752,0.561127494158311,-3.18249289569791,-5.01876902376717
0.721215965137183,0.531965267263603,-2.83869336239153,-5.48233444914351
0.838520542729658,0.742570161700044,-1.5297258648586,-2.58525011564646
0.920034004648761,0.766425450986171,-0.723922414862853,-2.31060163810676
0.814786176124749,0.577751849766732,-1.77912695926146,-4.76517310764089
0.736423509807391,0.48960449623235,-2.65744710796007,-6.20309205091278
0.80396596482066,0.570977074067093,-1.89524672660933,-4.8676265848568
0.96046884474882,1.20663531048912,-0.350334360410485,1.63152060369849
1.19009000761875,1.29097752071948,1.51159617463914,2.21837360268729
0.865271711084635,0.630737527288278,-1.25694989474297,-4.00302657628491
0.693638890229392,0.548346717962022,-3.17733130548883,-5.21889503167262
0.998659380244271,0.99866231121466,-0.0116522876347245,-0.0116267954113749
1.30622569154185,1.38807702902069,2.32036442887339,2.84827134471678
1.02352404040222,0.977144452258278,0.201960955435294,-0.200824586804391
0.848582913177539,0.680755248929653,-1.42611434621291,-3.34018002737961
0.682736878697907,0.500787431674487,-3.3149327535003,-6.00693158408796
0.591599139056443,0.420486008179452,-4.55944933391224,-7.5249690185606
0.58916116589414,0.46482960779982,-4.59531774146623,-6.65412433806206
0.831115663153878,0.749079713094501,-1.6067706585166,-2.50943929046918
0.972714186816584,0.837976376468229,-0.240294999829157,-1.53536448930627
0.903994917433539,0.683872243526589,-0.876680225377093,-3.30050045430169
0.800919195282141,0.618050657702627,-1.92822595330367,-4.17951854161925
0.848922785681908,0.620958917593832,-1.42263618987399,-4.13874263261958
0.723763495098427,0.505401093005524,-2.80806650903068,-5.92727646376512
0.560997178121331,0.439539006169655,-5.02078646576507,-7.14005156254114
0.694190412749228,0.562059806290081,-3.17042777062024,-5.00434941246747
0.650751016205372,0.553648814452711,-3.73170290057766,-5.13531251434818
0.532620683768541,0.400742402930312,-5.47163944393027,-7.94269404057269
0.498253743750164,0.370350395470866,-6.05098858876908,-8.62774374519855
0.503884499213729,0.365966042480813,-5.95338002913336,-8.73118420726941
0.577837329200355,0.444299937306437,-4.76388810957819,-7.04647496081707
0.761721274939923,0.629748245921034,-2.36407828710883,-4.01666066993964
0.755114942621111,0.617675209917093,-2.43973871187737,-4.18479657004902
0.54779899300903,0.395210085600935,-5.22757540845472,-8.06343961848259
0.556808653129027,0.390424505519608,-5.08588048314433,-8.16925862144217
0.575307613022547,0.420958216901325,-4.80199757870063,-7.5152201768605
0.464855199423288,0.343866253227256,-6.65364614154764,-9.27220886834179
0.532575407133183,0.332172698602075,-5.47237783916378,-9.57272130486366
0.57985670839671,0.421108627588875,-4.73358628188166,-7.51211721501159
0.68121081812798,0.564510272990087,-3.33436927478825,-4.96656300702785
0.720535689194956,0.647297580439408,-2.84689006142546,-3.77792032692944
0.576965997414031,0.523343780075365,-4.7769956110825,-5.62425866084034
0.609206628862267,0.528631264050551,-4.30470759382952,-5.53694311227677
0.722316526201839,0.590944052850136,-2.82544897217921,-4.56907267302135
0.699850799547206,0.487002849604406,-3.09989073799629,-6.24936995172996
0.620989494925553,0.385989978781272,-4.13831493155547,-8.26847941001005
0.523103196383334,0.313498215080898,-5.62825252480388,-10.0752985501086
0.465549343754573,0.296348372987821,-6.64068562406673,-10.5639490556497
0.525347087664045,0.39183522906508,-5.5910734194545,-8.13793040200886
0.726723163999525,0.562634439852866,-2.77261993259161,-4.99547374841904
0.779127894802443,0.591560946013578,-2.16782493004275,-4.56001010427555
0.635342163581757,0.468552476442743,-3.93984644741799,-6.58483524800016
0.510462556242382,0.358310971850546,-5.84072218079574,-8.91479786172981
0.492205700816376,0.355194437301361,-6.15706721052062,-8.99067688648589
0.597796613781437,0.422446366947487,-4.4689309870121,-7.48456840966005
0.669265849026355,0.497443307141019,-3.48802670799241,-6.06512815962329
0.626215320568338,0.434303550555301,-4.06552622857254,-7.24413240284191
0.595660035868436,0.409010532788986,-4.50003073376364,-7.76531015901031
0.63607203044989,0.498374214656919,-3.9298740186167,-6.04888871389212
0.675036328716125,0.539777271906448,-3.41345707859752,-5.35570811968863
0.616250945934014,0.468114440892471,-4.20484802160114,-6.59295922175039
0.672642554777527,0.504704275750136,-3.44431320963861,-5.9392603199558
0.724309374063785,0.645939480266086,-2.80151788185258,-3.79616340535299
0.994657199101948,1.04448581067956,-0.0465313939305479,0.378050889477787
0.817798546692584,0.796984149164021,-1.74707331128912,-1.97100631985829
0.600552251316299,0.448599810669721,-4.42898401264437,-6.96281828091535
0.714589047316654,0.597975770006237,-2.91887289243347,-4.4663282655756
0.809757301663191,0.777932528658094,-1.83290254446042,-2.18116136874512
0.840206046003288,0.815384599594198,-1.51228395330835,-1.77274990904885
0.75060072273693,0.626981153761145,-2.49182043500257,-4.05491026601886
0.602853036591538,0.458422176082728,-4.3957709438098,-6.77468763244477
0.564012346424883,0.414736180863708,-4.97422778113068,-7.64456151774762
0.469320875433611,0.337628392228738,-6.5706025580262,-9.43122078655582
0.454417184654886,0.308982911100042,-6.85090506620171,-10.2013107882142
0.478776571026216,0.333120357657933,-6.39734219968957,-9.54797651769571
0.511554107089279,0.319531280895099,-5.82216848370707,-9.90973239298216
0.529612451455343,0.330944421979348,-5.52083625932865,-9.60489868970286
0.563359342862204,0.453496942397541,-4.98428997724028,-6.86851273456294
0.738965852347893,0.63880424456066,-2.62751259826114,-3.89264413673407
0.662968001330348,0.581758166089429,-3.57014865305155,-4.70515023688183
0.545972710625172,0.478406502854364,-5.25658128220883,-6.4040585145663
0.484757797673336,0.379334454397841,-6.2895039251599,-8.41955418336633
0.611688279745628,0.430945220227839,-4.26939681445342,-7.31155863691428
0.55746118832815,0.409705956186035,-5.07570727525234,-7.75055444708187
0.588102717485309,0.462903865622966,-4.61093627639906,-6.69018384981307
0.63868167253719,0.510627025852458,-3.89431092156135,-5.83792406215984
0.625077663469954,0.572185638703016,-4.08132039804577,-4.84926093516962
0.594709501489628,0.464613341206658,-4.51390245713563,-6.65816647490653
0.555394133813444,0.379541614819361,-5.10797423337549,-8.41481197926639
0.425589013114887,0.305014294146061,-7.42019184382631,-10.3135961492418
0.463919928307952,0.310119323785388,-6.67113942747407,-10.1694234335962
0.500589150215151,0.332846242189078,-6.01037135075861,-9.55512683678248
0.473194594306506,0.347829092429579,-6.49920450642165,-9.17268192836629
0.467554968804717,0.376437066284067,-6.60334646608816,-8.4861523972404
0.58332280097753,0.371260627664809,-4.68182094987769,-8.60642210863971
0.712388837853528,0.424106887840114,-2.94565787897085,-7.45049348376206
0.650284782629644,0.409095145420565,-3.73792817671734,-7.76351348163213
0.698210891570473,0.53129002401716,-3.12026761596353,-5.49336677440734
0.855678207482347,0.664470270778673,-1.35379057070105,-3.55048890317146
0.698954494231248,0.469679052400857,-3.11102196570401,-6.56397617677298
0.673676676787547,0.495233316724315,-3.43096976002098,-6.10380291857923
0.767350048158818,0.702485993937982,-2.30012950580505,-3.06724660471632
0.701395881660141,0.671991377723949,-3.08073576930493,-3.45272598627271
0.600731377455574,0.472796569354122,-4.42639366703189,-6.50651366774667
0.552679706035019,0.442687546540453,-5.15052964155859,-7.07805390398914
0.752362415850814,0.637231120638987,-2.47145815388156,-3.91406045177628
0.813114593307947,0.690184110066016,-1.79696488801388,-3.22070087162624
0.623670728791756,0.577061593699149,-4.10089277081424,-4.77555658347061
0.594073300997224,0.656173981113454,-4.52319930729312,-3.65961988871849
0.578354945789483,0.517433316122293,-4.75611092412968,-5.72291223360133
0.521401577053774,0.346712247953521,-5.65655319159639,-9.20061632379885
0.542039741185288,0.387982628915504,-5.31937741518247,-8.2237543713646
0.596997044984227,0.507578764393598,-4.48055637071984,-5.88993111608561
0.634024562235726,0.546819539957552,-3.9578783427814,-5.24311949641792
0.56147593266798,0.433282564134277,-5.01337709556617,-7.26457574401264
0.45609856162259,0.358976208499629,-6.81882594743544,-8.89868667521459
0.557791945291164,0.43843352524725,-5.07055522774781,-7.16192489005381
0.822459636585079,0.719838258158666,-1.69770812989434,-2.85530150137954
0.908798473163337,0.790563288701643,-0.830648225471311,-2.04126713617459
0.742916825087266,0.568870427873395,-2.58119611853385,-4.89973283968102
0.782501783954805,0.520354399111824,-2.13029327343616,-5.67401539062731
0.863107977490978,0.594228494842495,-1.2786973859256,-4.52093052906706
0.709623145893167,0.509217248039962,-2.97944454983598,-5.86193788977394
0.60482342256605,0.380765414300903,-4.36742797135997,-8.38685012699159
0.679829248134193,0.483567976549427,-3.35200309602893,-6.31084934515703
0.813270556196227,0.664048314130977,-1.7952990139252,-3.55600643079781
0.796663745015728,0.676706246286566,-1.97449892963654,-3.39199629550372
0.716792309799094,0.550158421574849,-2.89213325413219,-5.19024469342815
0.561722962353931,0.420508429952833,-5.00955644967059,-7.52450586912634
0.559792170206298,0.37377470217615,-5.03946360578513,-8.5478019177363
0.550629629978883,0.336590468719443,-5.18280844911539,-9.45796372330362
0.603346805327195,0.371588862796704,-4.38865964958613,-8.59874622179282
0.565298766562396,0.404171829896553,-4.95443924270739,-7.86867918736039
0.605230453485017,0.395720803873845,-4.36158455257549,-8.05222234721346
0.666829220244084,0.457230551189303,-3.51970755562325,-6.79729517316229
0.702264254890015,0.453602858704682,-3.06998873046671,-6.86648434174935
0.654735088043396,0.427337196271907,-3.67868768178019,-7.38458607379544
0.605644077984897,0.443237267568941,-4.35565049945287,-7.06727462177028
0.685023399457339,0.486158943681601,-3.28589186703804,-6.26443440575676
0.684827007755557,0.508729745990834,-3.28838241148029,-5.87025735895181
0.575571004349722,0.436360392309048,-4.79802185440638,-7.2030935293306
0.538642697907183,0.375129336933129,-5.37398446555686,-8.51637941173564
0.599685833269686,0.358236533762522,-4.44152421268826,-8.91660251812653
0.503157075826507,0.329715721177183,-5.96592831019159,-9.63720689530963
0.480309475410806,0.288284390731325,-6.36957691273249,-10.8035774403229
0.553235246974124,0.321430413855286,-5.14180316999901,-9.85826065073135
0.556618637450839,0.378305973577403,-5.08884512257832,-8.44313601997009
0.697127609606306,0.479445434261748,-3.13375433545152,-6.38521625568432
0.685795086022486,0.497793388978141,-3.27611262183661,-6.05901750807918
0.551407805628497,0.382206520761344,-5.17054180786242,-8.35403815584975
0.6207830894265,0.482953834110878,-4.14120244159485,-6.32188763545194
0.73851999525489,0.565648891593594,-2.63275483544129,-4.94906119102528
0.668945195661721,0.452795897157556,-3.49218922002912,-6.88195034001348
0.546493704658456,0.315877940803224,-5.24829673093119,-10.0096140359927
0.534183265230752,0.348678907527894,-5.44619443156365,-9.15148646809882
0.523077196220959,0.383433966263508,-5.62868425635343,-8.32618836085328
0.561211527691503,0.41161427727153,-5.0174683365731,-7.71019139380411
0.5717705480983,0.442908884026222,-4.85556437822485,-7.07371216784877
0.503390814350108,0.398222884237225,-5.96189427052697,-7.9974757293474
0.56306726466962,0.450723099707317,-4.98879441452251,-6.92180367246803
0.520607637240307,0.385511297933871,-5.66978930283018,-8.27925779669947
0.41940230408677,0.290663633051853,-7.54738375927228,-10.7321860486581
0.478504307573108,0.310465657659003,-6.40228296560855,-10.1597286513943
0.5365921343729,0.365012226294715,-5.40711395432083,-8.75385176712255
0.572379385130449,0.402429170689861,-4.84632032442671,-7.90621092631519
0.503632171677136,0.358848034484591,-5.95773070489811,-8.9017885636554
0.54368802230392,0.373217147751133,-5.2930046919839,-8.56076820941062
0.542896085593231,0.443158342373101,-5.30566579394069,-7.06882141540249
0.496952269762401,0.38412676802552,-6.0737064295283,-8.31050855595647
0.50829146599314,0.394573159022613,-5.87774363727392,-8.07744922226656
0.558290981080004,0.435040957667204,-5.062787758192,-7.22939707463112
0.597873632482276,0.417577669441458,-4.46781198963206,-7.58525467797299
0.669169098141307,0.443172198196218,-3.48928245450912,-7.06854984594857
0.572756806620626,0.39509980617773,-4.84059481936796,-8.06586366736641
0.540639757283884,0.404248610667003,-5.34184041084694,-7.86702928028977
0.746563492799865,0.533705834523192,-2.53866502066727,-5.45396098843354
0.715672969142014,0.556326650566974,-2.90570771424172,-5.09340269775206
0.640578086458081,0.461395349984675,-3.86855844404384,-6.71853573362718
0.714029531625815,0.481102239793855,-2.92567651638393,-6.35525242429137
0.590939634784305,0.399224347254334,-4.5691376114457,-7.97565961043037
0.523836626652552,0.330991228157446,-5.61608277965212,-9.60367031260025
0.463714103585228,0.308804536305743,-6.67499390196344,-10.2063265709953
0.477072449965244,0.303897278988335,-6.42831324809363,-10.3454637690916
0.485497880739403,0.357643634650214,-6.27625323006049,-8.93099000268252
0.422714191374195,0.332435474364514,-7.47906343556316,-9.56585277244445
0.477698581409004,0.337979208017068,-6.41692096822685,-9.42220032114518
0.45462660128237,0.333640116207424,-6.84690312531609,-9.53443472423098
0.528554550391648,0.347803854415726,-5.53820367852166,-9.17331218776992
0.553113830258637,0.373662041551422,-5.14370964276944,-8.5504203540617
0.610202827404946,0.433549471440023,-4.29051568728025,-7.25922677817052
0.668458578180784,0.502529553023518,-3.49850998269565,-5.97676785874113
0.653263000128958,0.508672335722895,-3.69823877849286,-5.87123761889211
0.605531667140348,0.49256622011115,-4.35726279757988,-6.15070750249047
0.492414855517279,0.423405316942461,-6.15337706884123,-7.46487385196875
0.461823253392481,0.310276637456594,-6.71048407169466,-10.1650184751461
0.506083611945308,0.329751151138714,-5.91555451669547,-9.63627359373241
0.783277885750216,0.528972087589601,-2.12168269402282,-5.53134487784581
0.813823092358933,0.588663942389743,-1.78939982266593,-4.6026513068841
0.581578859885755,0.42033761155808,-4.70782776518892,-7.52803495690731
0.4998675133833,0.40310621799737,-6.02290174651754,-7.89161005424888
0.462838813230922,0.422995552046811,-6.69140457326424,-7.47328398733047
0.458473922019505,0.34616753301043,-6.77370723892477,-9.21427333901163
0.40028669891371,0.325538530184446,-7.95257681565222,-9.7479520340091
0.327923483070736,0.296910330238476,-9.68454963533103,-10.5474938394216
0.354150766380845,0.27586490392311,-9.01623628106099,-11.1860709561321
0.366501872412318,0.274953769649756,-8.71847604521775,-11.2148064342182
0.414822344951272,0.272660083861245,-7.64275715618722,-11.2875687210094
0.448638127927005,0.307331389855694,-6.96207640531272,-10.2478616002805
0.435278680061636,0.292785112237903,-7.22465208108077,-10.6690202078268
0.461471953224047,0.309764940120277,-6.71709377705918,-10.1793547640696
0.513859471124949,0.364397671068599,-5.78311268855773,-8.76848814689453
0.505525981073567,0.412746061067527,-5.92513038615089,-7.68634125239001
0.487737863202392,0.395356306417118,-6.23627057438634,-8.06022658565078
0.50839293093452,0.392886106632383,-5.87600993645478,-8.11466657161701
0.532000261832413,0.423577366957918,-5.48176307919888,-7.46134507270218
0.4755245708922,0.379080717255746,-6.45654075319794,-8.42536612642316
0.446593185652813,0.328860275730407,-7.00175815802602,-9.65977166826169
0.416544976764779,0.29754885707355,-7.60676196888142,-10.5288342716271
0.358785712650436,0.262938211888895,-8.90329718996243,-11.6029258962394
0.362577201978583,0.245527911412765,-8.81199013642471,-12.1979826098408
0.368377643145404,0.261952716462782,-8.67413470051418,-11.6355418707434
0.392187087042491,0.300250604298076,-8.13013419595082,-10.4503221968654
0.465242783085888,0.374804536441309,-6.64640709968962,-8.52390322550883
0.487023620960003,0.413307731093898,-6.24899949423661,-7.67452941964935
0.464029930719291,0.405288952856306,-6.66908011618696,-7.84470467714903
0.414996116912755,0.325746452596398,-7.63911933858962,-9.74240610179017
0.305911615833191,0.237208326122378,-10.2880806403339,-12.4974014220457
0.276965251981962,0.23248246803152,-11.15149428074,-12.6721958511154
0.334887023107973,0.255333361160323,-9.50203362142075,-11.857848755127
0.385327849545255,0.300440583310124,-8.28339202494433,-10.4448280700287
0.408407336238021,0.342513004173956,-7.77812930530322,-9.30645870043681
0.391103107596613,0.337573123664539,-8.15417466501777,-9.43264275211383
0.402552052331343,0.38464648231253,-7.90355909704459,-8.29876469877623
0.376024908484584,0.321121642695982,-8.49566771532383,-9.86660846439789
0.353302427902236,0.26636793040618,-9.03706756146892,-11.490361272168
0.364796323213846,0.310577542796155,-8.75899095160845,-10.1565990077134
0.426873722047229,0.374616989402294,-7.39401158282218,-8.52825061308886
0.457655168583868,0.401846201014835,-6.78923257034161,-7.91880266124716
0.411041883917107,0.335560849286197,-7.7222784516612,-9.48457430196902
0.387116932354843,0.318923654104239,-8.24315664763541,-9.92626537142962
0.400059588523912,0.321778463736135,-7.95750632145579,-9.84886052192724
0.41004997841042,0.310336143440259,-7.74326413267642,-10.1633528233117
0.406579224036456,0.307653685210336,-7.81709634656422,-10.2387575675127
0.387854091402942,0.303432301522186,-8.22663245802753,-10.3587637757894
0.365774522717531,0.289743055124851,-8.73573095414797,-10.7597392975963
0.406709715121606,0.339387893537033,-7.81430906858828,-9.3860730732388
0.46454182994298,0.420232881640132,-6.65950347213734,-7.53019937386262
0.535135025722132,0.454060223687202,-5.43073245201466,-6.85773082477643
0.449704073081198,0.340695918120865,-6.94146357803063,-9.35266139369697
0.361371103590496,0.298588298113626,-8.84093155973708,-10.4985443317017
0.355474284616746,0.387888578131553,-8.98383622234066,-8.2258601712096
0.339544408712065,0.339246839057967,-9.38206833357157,-9.38968380401022
0.320836707545287,0.270464792700924,-9.87431898155071,-11.3577852086244
0.34425762892071,0.285709271806185,-9.26232853564265,-10.8815133142264
0.365448620625671,0.335178552388717,-8.74347346015565,-9.49447558109998
0.362725145909313,0.316827394441163,-8.80844671849285,-9.98354548481568
0.298143158337995,0.251462572126017,-10.5115030441678,-11.9905329301541
0.299209303502211,0.233887600672019,-10.4804981361478,-12.6198560257629
0.3140362646581,0.241969754211196,-10.0604039409883,-12.3247783332927
0.34783548402667,0.267029480954472,-9.17252232067942,-11.4688157682851
0.389909119783004,0.31048244970552,-8.18073213516744,-10.1592588734494
0.364012789883194,0.323518703317125,-8.77766713591382,-9.80201213529238
0.342634590690404,0.284204751583313,-9.30337589876795,-10.9273733086662
0.325237935417597,0.23450780206865,-9.75597608925486,-12.5968540748419
0.310471451013403,0.229007660702809,-10.159566572381,-12.8029997902931
0.308502520105089,0.281128723741108,-10.2148256787565,-11.0218955798498
0.324836195610839,0.275719970451854,-9.76671168971142,-11.1906355343997
0.299259157451206,0.238999350327275,-10.4790510226297,-12.4320655918877
0.32232980123802,0.266627829855033,-9.8339907923346,-11.4818904426531
0.311628367863949,0.308925508297992,-10.1272602981661,-10.2029246014891
0.321740709197684,0.30829564060935,-9.84987970447373,-10.2206523256248
0.305984880348159,0.294098870115327,-10.2860006562241,-10.630132879707
0.313507219120931,0.274523750284201,-10.0750490846534,-11.228401536396
0.361020826099606,0.329006116569192,-8.84935488713587,-9.65592055969014
0.33933918600626,0.325234532911925,-9.38731972524464,-9.75606695793938
0.297613682249542,0.256328403223358,-10.5269421353132,-11.8240653574139
0.28778145311037,0.251884490700165,-10.8187439766731,-11.9759714504108
0.305562169548332,0.287322990945476,-10.2980083012335,-10.8325924268188
0.374725472387971,0.338169247582893,-8.5257356848796,-9.41731777582422
0.351375722278549,0.314766625642182,-9.08456497318897,-10.0402264327282
0.286838859122107,0.254409080565302,-10.847240270747,-11.8893478314613
0.30638160950895,0.250177054436335,-10.2747461338228,-12.0350505026567
0.355370533077455,0.291394002419693,-8.9863717248977,-10.7103878257089
0.344222984598034,0.277019943918015,-9.26320268302661,-11.1497792597405
0.307954919176068,0.248199293309705,-10.2302570846676,-12.1039891877798
0.304849304037084,0.249171994879468,-10.3182958424754,-12.0700154162424
0.285467138106775,0.224418967696265,-10.8888775774565,-12.9788087934426
0.2522278554541,0.223132530169473,-11.964139052961,-13.0287421986961
0.241016224899741,0.238556592930457,-12.3590744059927,-12.4481715289675
0.268946838436765,0.256942092003994,-11.4066711326836,-11.8032948841046
0.323723971070123,0.260313881421632,-9.79650281651867,-11.6900534442638
0.369810863439285,0.287726455229911,-8.64040670602264,-10.820404094682
0.360871899597467,0.291829577682054,-8.85293868604134,-10.697413866869
0.31455540680165,0.259036270210545,-10.0460569090587,-11.7327884365639
0.302858042475121,0.248769639909638,-10.3752177808629,-12.0840524494194
0.282443328137115,0.255049419016413,-10.9813735938023,-11.8675132284433
0.25788823898321,0.246884551658008,-11.7713692690025,-12.1501216877593
0.247844180926591,0.254483020861619,-12.1164254666786,-11.8868237708349
0.261073881223925,0.255615282583207,-11.664731487916,-11.8482636876481
0.280134459497196,0.276732995003305,-11.0526693016449,-11.1587811327883
0.320774541423435,0.330491920930356,-9.87600214429509,-9.61678305265916
0.305791785966049,0.3337624575799,-10.2914836915891,-9.53125030836826
0.314591292238645,0.298918062813235,-10.0450660528843,-10.4889568184451
0.32859894210722,0.288520581137331,-9.6666767813628,-10.7964640345277
0.282590823877021,0.28003088282559,-10.9768388882684,-11.0558814087887
0.297751783954603,0.280897471082445,-10.5229125559755,-11.0290434146073
0.318286714520614,0.262939725714531,-9.94362977428448,-11.6028758887321
0.290916829936187,0.232631688792273,-10.7246230699374,-12.6666225307378
0.270317401378605,0.218375264477328,-11.3625199236538,-13.2159311205718
0.248205666762573,0.207050238131864,-12.1037661476707,-13.6784853134427
0.279430733317401,0.200925020736631,-11.0745165903404,-13.9393195635674
0.29482488504625,0.232473883728297,-10.6087172424369,-12.6725165793306
0.304117494939797,0.25471977602836,-10.339171910352,-11.87874671623
0.307190633943236,0.264721649906195,-10.2518405962987,-11.5442107810527
0.322551793903433,0.278639661190268,-9.82801076783728,-11.09914133253
0.303863220462474,0.265274519922437,-10.3464372729552,-11.5260892550473
0.269808927271151,0.221589879466578,-11.3788736951757,-13.0890015749181
0.270222538046781,0.218758052064308,-11.3655686250699,-13.2007190492912
0.297205503886522,0.249185257287809,-10.5388630445676,-12.0695531140898
0.294487722417195,0.266546197492939,-10.618656136221,-11.4845501734623
0.304060773020932,0.257545759759022,-10.3407920942839,-11.7829119192338
0.269945218667192,0.243978926688656,-11.3744872089997,-12.2529536714276
0.271332325235157,0.250733461850593,-11.3299692677853,-12.0157540605793
0.286333627126277,0.259407479402293,-10.8625529055969,-11.7203501243051
0.269711069246651,0.267932451717016,-11.382024584914,-11.439493637646
0.321409780055846,0.327941396579194,-9.85881824780293,-9.68407516334033
0.314894193454382,0.319838194692798,-10.0367069507477,-9.90139349135563
0.290726468340694,0.277758278819448,-10.7303085471834,-11.1266597536271
0.312649886672576,0.284953430451622,-10.098834488074,-10.9045222068795
0.293571010510063,0.275378248916179,-10.6457366452221,-11.2014073199796
0.287660461930855,0.258917296573521,-10.8223965296779,-11.7367787243637
0.274010440161495,0.224834487991967,-11.2446577933624,-12.9627414069181
0.264401239237671,0.229614098131237,-11.5547302732271,-12.7800290020813
0.255232183597363,0.219717732677537,-11.8612912794659,-13.1626978244276
0.24526785584568,0.209826311759986,-12.2071873109305,-13.5628010630134
0.268790517774288,0.220150739985083,-11.4117211224044,-13.145597008459
0.301669061788703,0.25498682157088,-10.4093845478038,-11.869645290689
0.317733128407399,0.285562511123071,-9.95875002297566,-10.8859761536765
0.2652166845232,0.240898878593015,-11.5279831673034,-12.3633044335739
0.265043990921073,0.217128920904918,-11.5336407530599,-13.2656465200511
0.253242107816617,0.223851644856606,-11.9292816072195,-13.0007942016641
0.272842554794413,0.212024181309865,-11.281757851054,-13.4722921011842
0.270436451345701,0.206986899475242,-11.3586954298028,-13.6811428170121
0.268782354188888,0.220714524423719,-11.4119849303662,-13.1233817310107
0.24616021131504,0.199959497924059,-12.1756428788489,-13.9811592476592
0.225920953193233,0.195061267517836,-12.9208697654617,-14.1965791608775
0.238607886517739,0.202926650434791,-12.4463041207292,-13.853218263205
0.247848919949881,0.209333389853863,-12.1162593855562,-13.5832298744375
0.243313614960663,0.18738477234598,-12.2766717764308,-14.5453140912506
0.210660905336586,0.193250223393837,-13.5283210744491,-14.2775999074523
0.230463194677109,0.213890938547326,-12.7479684445262,-13.3961522769896
0.251340147784535,0.226686712535214,-11.9947626779181,-12.8914787145194
0.273286053074967,0.242565724467079,-11.2676506319453,-12.3034113345551
0.248065950928618,0.223741984974147,-12.1086568418117,-13.0050502660597
0.209599690058564,0.202190038127017,-13.5721872778459,-13.8848049168434
0.224904635446815,0.195375307180588,-12.9600318669897,-14.1826065229761
0.223288763173367,0.18163700185197,-13.0226626379525,-14.8159135058125
0.219854517697593,0.20334502520116,-13.1572921163754,-13.8353289612895
0.22688341472197,0.220710254000836,-12.8839450014719,-13.123549788735
0.213883217239314,0.197754577856421,-13.3964658369761,-14.0774690830512
0.21767584315378,0.18337909774996,-13.243795293053,-14.733003367779
0.240738466340169,0.189175100353067,-12.3690902107401,-14.4627205395407
0.222982406930556,0.191453383909792,-13.0345880192509,-14.3587390631749
0.199072813185525,0.16817032101647,-14.0197609259913,-15.4850129360513
0.227302039714664,0.184803356667161,-12.8679333415632,-14.6658028951335
0.235697788321297,0.201271236129463,-12.55288985349,-13.9243657225777
0.243113720304875,0.203029575995466,-12.2838106146139,-13.8488138470542
0.232000200217219,0.207695823906831,-12.6902328062168,-13.6514447127696
0.225341051556217,0.218919787569897,-12.9431936674952,-13.1942996389906
0.243562043323687,0.225420788359753,-12.2678078232027,-12.9401207140129
0.242669943147203,0.226350800445361,-12.2996802322141,-12.9043593073694
0.225588053508605,0.202405417125831,-12.9336780612089,-13.8755573666474
0.232832803401787,0.192460051216911,-12.659116654604,-14.313188059374
0.243067793852231,0.213435098593896,-12.2854516153048,-13.4146832191077
0.225980055112489,0.226675567157732,-12.9185977955322,-12.891905779245
0.23333017692939,0.228729902805188,-12.6405817928013,-12.8135410913935
0.244565605527885,0.213827291578546,-12.2320923997766,-13.3987372991456
0.254009657593333,0.206701009207232,-11.9029954188014,-13.6931480589335
0.257461788352268,0.210533233445353,-11.7857443685094,-13.5335867887076
0.241554046617953,0.215210419943847,-12.3397136525472,-13.3427341011389
0.233967194607649,0.221664052819559,-12.6169006466394,-13.0860946111343
0.253897059144357,0.223170552176829,-11.9068465894397,-13.0272622404633
0.235575831165399,0.220106698606105,-12.5573853583371,-13.1473348033266
0.222191196089682,0.196550184284757,-13.0654630632062,-14.1305308930147
0.215033249362664,0.187851375336603,-13.349887648359,-14.5237124188353
0.204871026362072,0.180655632033793,-13.7703891365935,-14.8629698905468
0.205153089291926,0.166130916075234,-13.7584387767359,-15.5909908029309
0.191374262604508,0.157400857739431,-14.3623293939243,-16.0598581065674
0.190727504074088,0.163187159459343,-14.3917334902804,-15.7462803424453
0.213561363114138,0.18669664732511,-13.4095463160261,-14.5772696197306
0.228048974115477,0.190746172678262,-12.8394375420842,-14.3908833480789
0.220958047561908,0.187710059414802,-13.1138035255656,-14.5302490567604
0.214903679031704,0.182656639235729,-13.3551229912888,-14.7672907470552
0.210395983504304,0.187590322364104,-13.539251103918,-14.535791405736
0.212923139209365,0.180513342772681,-13.4355427895635,-14.8698138277001
0.220633037364785,0.184484953638583,-13.1265891243222,-14.6807809714755
0.222516871088657,0.192912078005505,-13.0527411100263,-14.2928116164396
0.211199930949841,0.184764197166113,-13.5061245625475,-14.6676436146563
0.221574662622919,0.181011823231659,-13.0895980658923,-14.8458611438794
0.222223569987089,0.185131296709408,-13.0641975962506,-14.6504031387982
0.226740492595024,0.201739517969032,-12.8894182838212,-13.9041804239613
0.214586366343422,0.196334822872326,-13.3679574842989,-14.1400533009149
0.212580009251398,0.189701156431975,-13.4495515676571,-14.4386004322537
0.224985933763305,0.189140348392502,-12.9568926671007,-14.4643163067558
0.216328276630216,0.185833518876668,-13.2977341898737,-14.6175189876586
0.213539327504195,0.201973241659787,-13.410442586533,-13.894123281292
0.222673190921909,0.192339289566706,-13.0466413472889,-14.3186398483427
0.218745496716034,0.187542978371943,-13.201217579508,-14.5379838247631
0.22197065947804,0.178999876332212,-13.074088553231,-14.9429453813247
0.148431523876141,0.121623300995971,-16.569477076619,-18.2996642702545
0.0683467961032948,0.0581175637252669,-23.3056367813299,-24.7138519903191
0.0304306519130372,0.0285115328933385,-30.3337748738343,-30.8995886533044
0.0211314635241981,0.0211573912188392,-33.5014084702432,-33.4907576676236
0.0177255862268133,0.0160576931122171,-35.0279878553548,-35.8863369278423
0.0122412244410421,0.0113737191150369,-38.2435027853258,-38.8819500254502
0.008635245278467,0.00881229226494806,-41.2745064414397,-41.098222152919
0.00782427131565464,0.00698807900218936,-42.1311219659207,-43.1128438768132
0.00825666400483069,0.00644258541152067,-41.6639077628885,-43.8187963030189
0.0113282548247354,0.00881583064757384,-38.9167398051418,-41.0947352244978
0.013586222621426,0.0110524382339363,-37.338025468298,-39.1308380690174
0.0113510134558949,0.0096684627350782,-38.8993072299393,-40.2928514464588
0.00991943049884678,0.00856449829377988,-40.0702652228602,-41.3459614563622
0.010017447091799,0.0083936706615859,-39.9848588532243,-41.5209614998741
0.00751476971215216,0.00687138177122595,-42.4816864739273,-43.2591184312171
0.00587075453206583,0.00518731103735175,-44.6261215591916,-45.7011542082192
0.00417959240793318,0.00348129888340314,-47.5773213674487,-49.1651737840098
0.00299151242858269,0.00268957288399362,-50.4821837698356,-51.4063336479263
0.00198792638827237,0.00174124946528661,-54.0319940261283,-55.1827800786746
0.00133205856155788,0.00111075981172848,-57.5095336354109,-59.087596835913
0.00107580187167151,0.000975532538222331,-59.3653540894289,-60.215164808634
0.000808610483056704,0.00076637536068751,-61.8452126529688,-62.3111693293592
0.000650355992850002,0.000616142007583691,-63.7369770699592,-64.2063836137806
0.000610190128403332,0.000585616944976143,-64.290696452215,-64.647727306918
0.00064794144801608,0.000596617201498069,-63.7692847576634,-64.4860845867605
0.000606931592451279,0.00056857379191862,-64.3372051140838,-64.9042632547633
0.000573252803352808,0.000589834450166099,-64.833076255635,-64.5853973084513
0.000584081768116974,0.000616174113727757,-64.6705269976088,-64.2059310181855
0.000616292720839071,0.000614505617036866,-64.2042592356216,-64.2294828597176
0.000624806038346071,0.000597447541110743,-64.0850956387065,-64.4740044387702
0.000610482127631964,0.000582913405232016,-64.2865409172463,-64.687919142321
0.000582676271349588,0.000556333291837166,-64.6914533513175,-65.0932990086774
0.000540350969367215,0.000528530622207608,-65.346481301783,-65.5385969061844
0.000507882457634756,0.000483692498665632,-65.8847357506734,-66.3086129561128
0.000468576122525864,0.000420692884114588,-66.5843969148437,-67.5206966774592
0.000419823379861736,0.000384639697909726,-67.5386675865252,-68.2989179020328
0.000377886936281225,0.000363475480008658,-68.4527624315218,-68.7904976249085
0.000371131443592871,0.000332665871994386,-68.6094449819882,-69.5598350174754
0.000365560876500106,0.000309590647260016,-68.7408058008487,-70.1842433567286
0.000352718586297653,0.000353057115785314,-69.0514330967646,-69.0431006195034
0.000371154243724018,0.000380824600973684,-68.6089113884505,-68.3855000858972
0.000381349154657427,0.000346346794246383,-68.37354423963,-69.209776555955
0.000381782786734538,0.00033828849383416,-68.3636731267427,-69.4142554713355
0.000373874297861104,0.000350853064735624,-68.5454877913668,-69.0974945102817
0.000348735738915805,0.000347144806163679,-69.1500708650082,-69.1897865618474
0.000341060863970358,0.000324041215014625,-69.3433622425668,-69.7879949616052
0.00034169494286979,0.000332751849782822,-69.3272289753854,-69.557590431672
0.000354978002259279,0.000340949501607318,-68.9959711807807,-69.3461988012252
0.000331871716730486,0.000325637686825801,-69.5805951622092,-69.7453067787684
0.000320111171920396,0.000321234089565062,-69.8939833731802,-69.863567466845
0.000305450146041039,0.000306271366912688,-70.3011932577632,-70.2778720634167
0.000314821873654233,0.000308487735704198,-70.0387020143591,-70.2152419435948
0.000312367330721516,0.000312882674542945,-70.1066878716493,-70.0923696932102
0.000312498299229718,0.000310412309845516,-70.1030468391763,-70.1612212900311
0.000312650297178676,0.000312882773375565,-70.0988230835973,-70.0923669495329
0.000316843828357533,0.00030144696972872,-69.9830949572272,-70.4157815497367
0.000317599162939861,0.000303621641698011,-69.9624130172841,-70.3533455161999
0.000321335930165765,0.000319198875473257,-69.8608142222222,-69.918772946465
0.000322009379661439,0.000328135709800196,-69.8426295551594,-69.6789300874772
0.000320741696858679,0.000317599540336809,-69.8768915505109,-69.9624026960154
0.000311096658793554,0.000308628344970146,-70.1420930645707,-70.2112838014381
0.000302968617787595,0.000295370157461655,-70.3720470885362,-70.592667709556
0.000310784080300166,0.000303558238450485,-70.1508247147241,-70.3551595210137
0.000315494169598981,0.000322015452730444,-70.0201732440474,-69.842465741578
0.000319408949377659,0.000310139016587012,-69.9130583944527,-70.1688718908261
0.000335400298071468,0.000289156845352332,-69.4887311154134,-70.7773304394329
0.000322925700800727,0.000307747240856787,-69.817947785209,-70.2361166419244
0.000312589869748905,0.000299628616543908,-70.1005020096021,-70.4683342190768
0.000324846136075832,0.000285212279971469,-69.7664458927898,-70.8966355926001
0.000328313422590202,0.000305561735982169,-69.6742272288921,-70.2980206257648
0.000317113343922655,0.000301460489773867,-69.975709655198,-70.4153919920419
0.000310572575733297,0.000301787834196248,-70.1567379221513,-70.40596543355
0.000331289432925389,0.000317177278678712,-69.5958483300749,-69.9739586274601
0.000368829123030492,0.000305407984420859,-68.6634958807804,-70.3023922634313
0.00036010474464727,0.000310676111938945,-68.871423128778,-70.1538427721672
0.000324256084622234,0.000303701742811477,-69.7822373137864,-70.3510543169699
0.000329153258475347,0.000310884665073665,-69.6520368244499,-70.1480139951696
0.000342652148850532,0.00031239899713554,-69.3029308055468,-70.1058073793263
0.000323763694793159,0.000287921900936943,-69.7954370483414,-70.8145059803608
0.000328952008664998,0.000298414877813904,-69.657349146913,-70.5035905682629
0.000324850985553784,0.000306778563563167,-69.7663162261224,-70.2634998078564
0.00032016621397446,0.000323281781023909,-69.8924899916592,-69.8083753988753
0.000296624234000403,0.000323736330178266,-70.5558674058218,-69.7961712136415
0.000322867380826335,0.000313068773102138,-69.8195165875919,-70.0872049744427
0.000334867924909631,0.000301357116992201,-69.5025289812344,-70.4183709514215
0.000318390746660971,0.000314422438549769,-69.9407912516318,-70.0497293677532
0.000318583701413022,0.000313987085944584,-69.9355289252142,-70.0617642753727
0.000324411148684365,0.000295484020096917,-69.7780845855861,-70.5893200196061
0.000338147582823233,0.000311671551318721,-69.4178742538033,-70.1260567468375
0.000334222645009658,0.000327900327035201,-69.5192825628465,-69.6851630036354
0.00031608955754113,0.000320078927496289,-70.0037970289329,-69.8948583367566
0.000324691575881222,0.000301590488521567,-69.770579579852,-70.4116471849402
0.000313553014166309,0.000290409680577661,-70.0737804004355,-70.7397782173324
0.000306703559206603,0.000297951958568318,-70.2656236825141,-70.5170751084511
0.000333775215738726,0.000303363232867306,-69.5309182942693,-70.3607411229593
0.000299488784924629,0.000305399629829246,-70.4723887233594,-70.3026298736347
0.00030968884257245,0.000308695378896389,-70.1814888212792,-70.2093974352898
0.000310898377551284,0.000319603579192543,-70.1476308870463,-69.9077673146411
0.000307651746916081,0.00030586053948142,-70.2388122909365,-70.2895309958356
0.000304583084026444,0.000325831377218169,-70.3258844046334,-69.740141918257
0.000306163205655054,0.000329990510241207,-70.2809400703476,-69.6299709848142
0.000303785644773738,0.000324439986727615,-70.3486550467821,-69.7773125007502
0.000311657410867437,0.000313183762160179,-70.1264508321656,-70.0840152635108
0.00032449593119661,0.000299112503261112,-69.775814887592,-70.4833086511882
0.000324472673431069,0.000305197890121519,-69.7764374581859,-70.3083694609846
0.000318471865225884,0.000312783248301907,-69.9385785706137,-70.095130289025
0.000324519630476255,0.000314559440457574,-69.7751805443197,-70.0459455275189
0.000357398289872705,0.00030901728605034,-68.9369505979183,-70.2003445198334
0.000349665593637849,0.000304871561406007,-69.1269419851194,-70.3176616996696
0.000315324060594937,0.000317091961441687,-70.0248577886616,-69.9762953515597
0.000346589887030359,0.00031633932575562,-69.2036822698907,-69.9969363073048
0.000371585594031823,0.000322072543487643,-68.5988226295077,-69.8409259394994
0.000345278367948139,0.000312284932775705,-69.23661259606,-70.1089793848949
0.000346189055564979,0.00031028470342045,-69.2137333209438,-70.1647926793472
0.000325760188282523,0.00033012636700702,-69.7420398533245,-69.6263957485742
0.000339031112104887,0.000328929247789698,-69.3952089152611,-69.6579501625189
0.000335825569671304,0.000316381803258222,-69.4777247974089,-69.9957700592269
0.000326515904500721,0.000303743541505486,-69.7219131901565,-70.3498589538544
0.00031339913761058,0.000302778922021139,-70.078044058528,-70.3774872312948
0.000324035691604119,0.000305977919497682,-69.7881430172868,-70.2861982537874
0.000316582490970847,0.000323752072845845,-69.9902621612368,-69.795748846005
0.000331606940023099,0.000299860175316272,-69.5875277782256,-70.461624188568
0.000325905801237687,0.000297229930929902,-69.7381581774359,-70.5381491887283
0.000311051903386181,0.000303454442465715,-70.1433427356411,-70.3581300041871
0.000313886828451033,0.000306464371854703,-70.064538162014,-70.2724001459968
0.000317549097456905,0.000307345991619254,-69.9637823456367,-70.2474489307708
0.00032034951204166,0.000314252201292905,-69.8875186638327,-70.0544334291797
0.000306522561380663,0.000303441519023429,-70.2707510804957,-70.3584999245708
0.000313722406584174,0.000312891289826692,-70.0690892429815,-70.0921305288854
0.000307436654559037,0.00029600076477992,-70.2448870878176,-70.5741433369787
0.000327612966130994,0.000299576012624788,-69.692778364868,-70.4698592801825
0.00032280234962556,0.000323552834972987,-69.8212662555978,-69.8010958106552
0.000311051030169551,0.000330671296884157,-70.1433671195906,-69.6120700264814
0.000323041501407367,0.000303887934218075,-69.8148335983072,-70.3457308622733
0.000321191907699524,0.000298024068974761,-69.8647081025941,-70.514973201642
0.000326672637351877,0.000306578936620356,-69.7177448247101,-70.2691537296059
0.000319147775140805,0.000316421086808548,-69.9201635759879,-69.9946916425872
0.000320139896713214,0.000295675341734077,-69.8932039902391,-70.5836978514022
0.000317819183377678,0.000310718146517492,-69.9563978515954,-70.1526676479821
0.00031479183868622,0.000308893517493221,-70.0395307142827,-70.2038241160341
0.0003299521811231,0.000321575934482096,-69.6309799284529,-69.8543291930424
0.000347142539881681,0.000308985772152552,-69.1898432665402,-70.2012303608818
0.0003294185152244,0.000311585886958186,-69.6450398924081,-70.1284444317346
0.000330177807440107,0.000298848637210377,-69.6250424149352,-70.4909744053303
0.000343430229458839,0.000307369479029887,-69.2832295993816,-70.2467851795998
0.00033541812392486,0.000317236037940066,-69.4882694900608,-69.9723496559981
0.000329954900138817,0.000316040573477448,-69.6309083514958,-70.0051431763514
0.00033741687824052,0.000312617968716609,-69.4366639391829,-70.0997212627286
0.00032904805423595,0.000318591218127025,-69.6548134595097,-69.9353239913844
0.000333126570833118,0.000311824661349912,-69.5478145148357,-70.1217908127929
0.000343263261054817,0.000319090115124659,-69.2874535193079,-69.9217329862212
0.000361160763798804,0.000322822490014997,-68.8459887436516,-69.8207243396453
0.000374393531534293,0.000312763549569893,-68.5334332650905,-70.095677333668
0.000400820317140191,0.000309067179354407,-67.9410054534829,-70.1989422269171
0.000355298113026707,0.000299771462028892,-68.9881419804845,-70.4641942792079
0.000312779981782396,0.000326086918720416,-70.095220999689,-69.7333324594215
0.00033177252954118,0.000306184753077928,-69.5831915200954,-70.2803287886916
0.000334286601915431,0.000284304734090418,-69.5176205884478,-70.9243181721969
0.00030673738222607,0.000306717764040621,-70.2646658624705,-70.2652214088533
0.000301588068233572,0.000306687333881405,-70.4117168901848,-70.2660831982507
0.000313281067536481,0.000325934562785435,-70.0813169994535,-69.7373916718817
0.000316448026536654,0.000311755764888196,-69.9939521673927,-70.1237101388018
0.000317452794953177,0.000297147142394587,-69.9664168981811,-70.5405688381999
0.00031735092335196,0.000299363008517413,-69.9692046748355,-70.4760373055969
0.000310685378783109,0.000310894527439832,-70.1535836933961,-70.1477384522594
0.000319940916711608,0.000326590345210765,-69.8986043033045,-69.7199331637975
0.000301070425195182,0.000317259356117378,-70.4266380817322,-69.9717112301981
0.000293820030100696,0.00031674035760302,-70.6383720221278,-69.9859319458465
0.000314234904248155,0.000306605189552078,-70.0549115303865,-70.2684099723623
0.000324703510459038,0.00029598823229612,-69.7702603214284,-70.5745110997977
0.00031257363800878,0.000311567945383387,-70.1009530503351,-70.1289445924673
0.000306957038667147,0.000304139875795697,-70.2584480719155,-70.3385327149923
0.000313821243474674,0.000290161422693803,-70.0663532218933,-70.7472065605628
0.00031845516801287,0.000318374815574601,-69.939033976467,-69.9412258720519
0.000330058177097392,0.000306465555332948,-69.6281900651388,-70.272366603626
0.000323230072846801,0.000313488047037164,-69.809764798058,-70.0755802740029
0.000333979978980369,0.000318722289446056,-69.5255913391556,-69.9317512724185
0.000327127115692635,0.000294429492919781,-69.7056691109211,-70.6203737799804
0.000313605895047412,0.000306984444946909,-70.0723156440824,-70.257672597614
0.000296438911728682,0.000320303743153245,-70.5612957952391,-69.8887597205543
0.000298706005708164,0.000323082177976891,-70.4951209098394,-69.8137399618859
0.000325268148103583,0.000311587757990941,-69.7551692588101,-70.1283922742528
0.000319999165731134,0.000304359506851333,-69.8970230785292,-70.3322625650214
0.000312732489722565,0.000302175411726642,-70.0965399527394,-70.3948175495023
0.000314992491987295,0.000300346287957904,-70.0339959545158,-70.4475546243815
0.000363354754238511,0.000303695446031966,-68.7933830599831,-70.3512344071412
0.000353431829727925,0.00031413187060136,-69.0338868185593,-70.0577599906454
0.000311672086640883,0.000315101328117985,-70.1260418281026,-70.0309953263584
0.000321240351533487,0.000316549999717237,-69.86339815033,-69.991153650609
0.000334424556947887,0.000310060924521887,-69.5140367924006,-70.1710592469283
0.000327056087268478,0.000309805266541261,-69.7075552646867,-70.1782240743144
0.000319255496997357,0.000304946139141086,-69.9172323248263,-70.3155372156508
0.000351570616054857,0.000299992205503891,-69.0797486002079,-70.4578005823151
0.00034155818527794,0.000311295990418337,-69.3307060509139,-70.1365294623796
0.000330364242189866,0.000304253467419949,-69.6201393154126,-70.3352892727866
0.000302536885867138,0.000304206391980809,-70.3844333556375,-70.3366332959412
0.000324810521865134,0.000305850657535145,-69.7673982146054,-70.2898116298838
0.000332425479123468,0.000307344802891075,-69.5661139324966,-70.2474825254232
0.000313326243151595,0.000315780615246666,-70.0800645710148,-70.0122906689357
0.000310707237602985,0.000315993877432333,-70.1529726037496,-70.006426640234
0.000310744607290152,0.000318559387254325,-70.151927988687,-69.9361918535358
0.000330911170589651,0.000309819163587854,-69.6057714417192,-70.1778344569683
0.000320583422939675,0.000307468843366877,-69.881178767021,-70.2439777174065
0.000318498981745889,0.000316619557294229,-69.9378390356683,-69.9892452536149
0.00033338291131678,0.000312058057110938,-69.5411333037793,-70.1152919954452
0.000335925745560298,0.00029896060971148,-69.4751342056142,-70.4877205888212
0.000336833895502551,0.000314938523111036,-69.4516842407739,-70.0354842689279
0.000318421283910557,0.000318413671310455,-69.9399582171814,-69.9401658760224
0.000303737437906497,0.000338276185027122,-70.350033494915,-69.4145715178063
0.00030503044073239,0.000312852275579604,-70.3131363552008,-70.0932136353324
0.000306284772312036,0.000304091356485433,-70.2774918931373,-70.3399184819598
0.000310632557101424,0.000311116021096872,-70.1550605646474,-70.1415524814703
0.000318852497284461,0.000303782403054069,-69.9282035445169,-70.3487477350641
0.000322285944555179,0.000315837649919404,-69.8351726880922,-70.0107220098211
0.000327129183045942,0.000320365646460255,-69.7056142186634,-69.887081209599
0.000320855940915735,0.000329285580456527,-69.8737982994655,-69.6485457359152
0.00030892773757203,0.000316043972982208,-70.2028619224358,-70.0050497466881
0.000315063000791235,0.000319941874607889,-70.0320518981617,-69.8985782979751
0.000316025736435155,0.000317962610764688,-70.0055509592372,-69.9524789143523
0.000311206550487473,0.000311672633586988,-70.1390254052008,-70.12602658545
0.000306927618820084,0.000309709327741844,-70.2592805981623,-70.1809142896478
0.000323341022896152,0.000302101151413576,-69.8067838423679,-70.3969523894957
0.000376008743296043,0.000313597178979847,-68.4960411269214,-70.0725570548921
0.000380451338683463,0.000325200259438354,-68.3940176684184,-69.7569823321251
0.000335672619695666,0.000314526020376415,-69.4816816409344,-70.0468684009757
0.000324505684769255,0.000299177193672499,-69.775553814419,-70.4814303177353
0.000332270092780845,0.000296106464148503,-69.5701749454021,-70.5710422329379
0.000331574272364088,0.000293311891088442,-69.5883834951121,-70.6534066006405
0.000324619283876647,0.000307514803762058,-69.7725136931249,-70.242679448996
0.000308188738605179,0.000314849532473734,-70.2236646939862,-70.0379389450772
0.000298537341634927,0.000304755691578137,-70.5000267746649,-70.320963496118
0.000318897786202261,0.00031020936442781,-69.9269699126309,-70.1669019216837
0.000321044872696971,0.000320820407876735,-69.8686852333546,-69.8747602674612
0.000316851494751595,0.000320854166924754,-69.9828847948658,-69.8738463232996
0.000320171143708526,0.000322495355848286,-69.8923562523871,-69.8295307023718
0.000333660418538754,0.000318307516180483,-69.5339061953292,-69.9430621256529
0.000325956220631192,0.000316099179021978,-69.7368145271731,-70.0035326423155
0.00032350565517567,0.000310504557700914,-69.8023624612583,-70.1586404141068
0.000321949537201395,0.000319484879412271,-69.8442438972905,-69.9109938263688
0.000328882693521328,0.000314216538999413,-69.6591795875644,-70.0554191862301
0.00034692063134287,0.000306997474540613,-69.1953974386198,-70.2573039430678
0.000362330633124113,0.000312606255610571,-68.8178989425846,-70.1000467099599
0.000317276739269696,0.000286523473334124,-69.9712353293195,-70.8567958563481
0.000324486733188077,0.000305716392936959,-69.7760610972102,-70.2936254635427
0.000347701161945387,0.000314375298903543,-69.1758771598392,-70.0510316935762
0.000378545587429343,0.000310094973888135,-68.4376362373166,-70.1701054576036
0.000341707240767501,0.000318512372826837,-69.3269163683003,-69.937473850808
0.000309784171580669,0.000309136453345701,-70.1788155256478,-70.1969955989329
0.000296656979853129,0.00029283092624315,-70.5549085793613,-70.6676611760787
0.000303983654726397,0.00029520759770992,-70.342995357626,-70.5974493867745
0.000325128048647084,0.000293738065662341,-69.758911250053,-70.640795387836
0.000310298938595751,0.000296543260987916,-70.1643941990996,-70.5582388191593
0.000304187279275981,0.000316451726260487,-70.3371790308912,-69.9938506176835
0.000337467264271528,0.000339351818294661,-69.435366983223,-69.3869963891101
0.000349039118325963,0.000328937950124653,-69.1425179409847,-69.657720366836
0.000329384271278929,0.000322894708272912,-69.6459428610581,-69.8187814463093
0.000332777147750837,0.000306169283280591,-69.5569300987363,-70.2807676490385
0.000341045283491456,0.000304977921926586,-69.3437590439174,-70.3146319824092
0.000320139970506385,0.000311357862852533,-69.8932019881167,-70.1348032476167
0.000316970873977675,0.000287393047994067,-69.9796128535579,-70.8304748322009
0.000318089898305697,0.0003079643277381,-69.9490024543667,-70.2299917195833
0.000322439654247937,0.000315902364820579,-69.8310310642592,-70.0089424597581
0.000313431046102243,0.000294452927064639,-70.0771597563851,-70.6196824827394
0.000309162953703923,0.000291193727010019,-70.1962510431905,-70.7163596994244
0.000321239981613778,0.000284932951213823,-69.8634081524471,-70.9051464730673
0.000353905516530244,0.000299082294230794,-69.0222533542024,-70.4841859316485
0.000343811252467281,0.00029702554085906,-69.2735982711599,-70.5441240926298
0.00031358227370647,0.000283983881068992,-70.072969905023,-70.934126196345
0.000312629172096264,0.00029134836397141,-70.0994099895922,-70.7117483258156
0.000317523481682018,0.00029837469713071,-69.9644830397025,-70.5047601764296
0.000290811457487375,0.000329684983472907,-70.7277697399243,-69.6380166739628
0.000312130141042575,0.000315726721754453,-70.1132858278198,-70.0137731946303
0.000321996383297144,0.000312787700263129,-69.8429801265128,-70.0950066603817
0.000328728354067683,0.000323105514195729,-69.6632566951211,-69.813112602919
0.000315218944672057,0.000304275290516077,-70.0277537856235,-70.3346662849585
0.000307955875371539,0.000305711314455035,-70.2302301151506,-70.2937697525011
0.000331817514482363,0.000306352324155112,-69.5820138826712,-70.2755764105145
0.000362348810670433,0.000310085919246522,-68.8174631963726,-70.1703590855971
0.000320999343265645,0.000321000845136644,-69.8699171223947,-69.8698764835102
0.000316215098156838,0.000308708422719102,-70.0003479575473,-70.2090304236055
0.00031134123637409,0.000299952084359787,-70.1352670856311,-70.4589623162836
0.00030836679992532,0.000298476723546518,-70.2186477217205,-70.5017906259994
0.000310210330843737,0.000310056148110757,-70.1668748619944,-70.1711930519201
0.000304840689173478,0.00031103314350487,-70.3185413041211,-70.1438666069656
0.000309628737918053,0.000311158479554809,-70.1831747491873,-70.140367186299
0.000324445681096204,0.000316140834701566,-69.7771600527626,-70.0023880876262
0.000335154513413133,0.000317153511976184,-69.4950985546625,-69.9746095022351
0.000308893652580223,0.000309812949500396,-70.2038203174742,-70.1780086728513
0.000296544802835365,0.000323264058749977,-70.5581936578499,-69.8088515715024
0.000295675535866333,0.00031356044923438,-70.5836921484891,-70.0735744403198
0.000324310901273132,0.000303802509381587,-69.7807690571791,-70.3481728644959
0.000324763217321199,0.000326653513054857,-69.7686632966859,-69.7182533349948
0.000310313548282754,0.000325193469932692,-70.1639852542857,-69.7571636773449
0.000274660935094016,0.000279659493094801,-71.2240621140684,-71.0674086775308
