M,S,M_dB,S_dB
13.4704326688909,1.16401073931093,22.5876309088087,1.31913974376812
47.4891560745803,6.94385954799848,33.5318890368669,16.832018557464
96.395049954933,14.9893569208096,39.6810946547259,23.515660019561
94.8527754707302,10.5010310377718,39.5410008645332,20.4246388424121
94.8742774057878,7.96990507651819,39.5429696236836,18.0290629775086
63.9661380776555,6.76515744658916,36.119002624108,16.6055581691212
33.1884272099782,5.81222643672214,30.4197334361129,15.2868505099846
22.4954462989066,6.19020857218911,27.0418922756416,15.8341056467182
22.2323147123883,5.36816056100855,26.9396936304837,14.5965099409728
21.0288913716067,6.43819634736815,26.4563275517912,16.1752843468932
16.892666543501,5.57443257127297,24.5539641858807,14.9240133314197
12.7666896752836,5.13067652389711,22.1215660390362,14.2034926871245
11.3409986341866,3.42124787980062,21.0930259627802,10.6836908255873
12.0515415182817,3.58805553719554,21.6208520254632,11.0971831317605
12.0348355862208,4.92591686974109,21.608803230842,13.8497415673684
10.8254239136054,3.86209492100927,20.6888982385864,11.7364588697787
9.77825632965213,3.59750190880803,19.8052283556198,11.1200206608432
8.92753747685079,3.38602143106197,19.0146336398118,10.5937940510195
9.17843331048571,4.80128221312081,19.2553711345312,13.6271446796789
7.50289369714352,4.10814857218031,17.5045758660391,12.2729228314712
8.05398325595555,3.96365660716236,18.1202144476839,11.9619204436389
12.5041495438139,6.56405585410046,21.9410831800448,16.3434453568972
12.7571931234972,7.08069471637372,22.1151026020101,17.0015174043209
7.74616047512052,3.924920151909,17.7817297981018,11.8766165187564
8.16307335874704,3.9204509796301,18.2370739874572,11.866720558263
8.15035851344565,3.58208841245845,18.2235342532944,11.0827260164634
11.615535693968,3.92709673878179,21.3007848743212,11.8814319933312
24.4511249849453,7.70411947613459,27.7659769121492,17.7344601848831
27.7656441900502,7.90372325295474,28.8701550796283,17.9566345024952
23.0874992667705,6.36815752126044,27.2675378931132,16.0802759493915
14.0994608300674,4.40337231467939,22.9840501070032,12.8757081510474
8.29073481475526,2.83833305501768,18.3718604827806,9.0612670998754
13.6576449772221,4.04151286660956,22.7075163857802,12.1308793152394
12.6209632994681,3.9877570386044,22.0218500770489,12.0145738051907
5.37077085526751,1.90770916891098,14.6007324706499,5.6102433406491
4.8161713324244,2.16083756207884,13.6540385658382,6.69244241268252
9.02250036379818,4.60911417717308,19.1065381648565,13.2723493323843
8.91172165922903,4.52043835320902,18.9992322734946,13.1036110198961
5.0049503037652,2.39076746182852,13.9879953909213,7.57074672971033
4.2814583486996,1.95456359488378,12.6318344686489,5.82099610941275
6.23553518198904,2.20312482589216,15.8974746786971,6.86078208700417
7.71561184501661,2.81249079021666,17.7474074229631,8.98182217961765
7.06121214326729,2.54277632782496,16.9775851880215,8.10616319357607
8.81390846525401,3.60524931647052,18.9033707187094,11.1387060636246
7.44491722297279,3.02371927173463,17.4371974674026,9.61082935830306
4.36634147689201,1.84749230763474,12.8023539482625,5.33165277615468
3.48186925322598,1.7616710267305,10.836249180149,4.91849623572432
3.53095971993573,1.26822904493793,10.9578552659636,2.06395390324222
5.55063710392044,1.97837781288335,14.8868566888936,5.9261846570733
6.39483713304301,2.42011622464129,16.1165897624657,7.67672446430549
4.28230797489391,1.97006386203371,12.6335579531773,5.88960609154969
3.51034336055383,1.43484630095506,10.906991972055,3.13610764896691
3.27869316038807,1.28152425081806,10.3140154941945,2.15453657867392
4.00177646128649,1.70828403671647,12.0450565068874,4.65120165168352
6.96065295318584,3.0236999068202,16.8529996217073,9.61077373076855
7.35659203310552,3.29986908462654,17.3335334498325,10.3699342099693
4.52106947959909,2.28426378012351,13.1048236260857,7.17492507061278
5.20205980001654,2.02311081925411,14.323506805978,6.12039345247366
5.43637988766464,1.96405208577092,14.7061959419006,5.86306001792851
3.40347582444709,1.37966440647946,10.6384534014625,2.79546920427716
2.62778746728843,1.22440504290891,8.39180474046113,1.75850219281179
2.77374210526032,1.62243545812409,8.86132158269757,4.20334858417131
2.25692795991454,1.53815357675351,7.07035393644303,3.73999399418188
2.4631226477181,1.36112137556536,7.82972074917372,2.67793708728374
5.04405874105092,2.49516759816227,14.0556027109381,7.94199444217398
6.52700576202526,3.33836826246219,16.2942799218058,10.4706848585694
4.61115215507646,2.4194329154321,13.2761890590915,7.67427169515391
3.89774347578527,1.6335222934298,11.8162650654787,4.26250131736753
5.10559037101865,2.2587123686909,14.1609193556921,7.07721860119909
5.05722472588373,2.14544205838413,14.07824505265,6.6303358020875
4.19815313170926,1.61093025853469,12.4611655169592,4.14153478120664
6.17714020582062,2.09311369202794,15.8157491772256,6.41585637259665
10.7349592646397,3.39994375932154,20.6160080156395,10.6294346630902
10.5821995013992,3.80938620202043,20.4915188965953,11.6171000880519
5.76676524711801,2.57830309177379,15.2186454511194,8.22667938794764
3.41017464980762,1.51166939461694,10.655532433254,3.58913640805183
2.98326642975783,1.37221110535391,9.49384082189506,2.74841859531005
2.66091094142012,1.2028358361872,8.50060678605177,1.6041271718504
2.35965428433944,1.16823702688472,7.45696757294518,1.35061933882475
2.84851951451808,1.36742302331698,9.09238398098641,2.71805775693408
3.48946204306334,1.72225499314514,10.8551695722081,4.72194905056807
5.51955477339233,2.80592680345283,14.8380809485795,8.96152675315433
6.41129147302553,3.23759437457369,16.1389104284846,10.2044487356655
5.32803024971109,1.96552560216059,14.5313336372288,5.86957410282865
4.3963947254236,1.32606973724179,12.8619335630064,2.45132727930726
4.305516210033,1.55766021697888,12.6805045733026,3.84945456115037
5.38742496186599,2.16925596069465,14.6276246837953,6.72621598964976
6.63286912626079,2.47615043495098,16.4340285655861,7.87554052169865
5.06262988107371,2.05624487167528,14.0875235626177,6.26149664308799
4.15037542814651,1.61922993463892,12.361747664352,4.18617048037212
3.83122993404323,1.91498667726048,11.6667643452714,5.64331513776507
3.90080042961847,2.68980014891135,11.8230746353948,8.59440026585253
3.94220986496359,2.19077001232844,11.9147948076436,6.81193575185929
3.301107093511,1.33562219307342,10.3731922761635,2.5136725360271
2.81100760862443,1.09368065415232,8.97724042249482,0.77781060108731
3.25659434071991,1.19285691892534,10.2552732765531,1.53176707880851
3.69652358128639,1.40010268915384,11.355869620869,2.92319779495547
5.02830486852836,1.99777458701816,14.0284320258857,6.01092968643957
4.9220246081598,2.2681793336034,13.8428756134279,7.11354778144879
3.50979828431197,1.64126655114469,10.9056431468232,4.3035823741465
3.13441344161039,1.46043275184477,9.92312562163946,3.2896312785689
4.30267169939191,1.99606306508279,12.6747641999134,6.00348517174026
4.3258322285651,2.01287344382114,12.7213934383476,6.07632940360582
3.52050666321735,1.24610075861852,10.9321034127718,1.91106320830614
3.35945188209057,0.797700369858985,10.5253685001674,-1.96320413170503
2.50529751714786,0.711503109214474,7.97718616001817,-2.95646395483389
2.10595261741259,0.782602829751891,6.46897191222444,-2.12917172202624
2.80660581492478,1.16996681544627,8.96362841354123,1.36347087470176
4.13569239830624,1.92021046525116,12.3309645925972,5.66697664581945
4.64806396251048,2.18338982960865,13.3454419159339,6.78262565997532
3.62546546984167,1.68333274284982,11.1872754623124,4.52339942112323
2.80045984421991,1.14641922686986,8.94458699405883,1.18686922213088
2.54173629051061,0.939920040524107,8.10260979519318,-0.538181809627127
2.84498890366992,1.295872413018,9.08161153705188,2.25124489103244
3.24867469527179,1.53442477123819,10.2341245123932,3.71891201974892
3.34677424939533,1.39296176242004,10.4925283759368,2.87878389922007
3.37742605412461,1.23156545043823,10.5717169857855,1.80914993956163
2.81555108849208,1.05364021906547,8.99126824141767,0.453846799150961
2.72715739758714,0.888411960242883,8.71420407845795,-1.02771206792552
2.62274624405402,0.893135534611164,8.37512547525971,-0.981652625872575
2.33278923269741,0.943139206519638,7.3575100419578,-0.508484020938866
2.53411356681137,0.985451421400699,8.07652147956972,-0.127295594867085
2.9007012280495,1.10877906082007,9.25005997631804,0.896900314760043
2.67049722697844,1.06726614770532,8.53184262675405,0.565454687767812
2.28833018288013,0.76897327735695,7.19037377879231,-2.28177504267276
1.90410636513946,0.641437631470217,5.59382409633568,-3.85691129474816
2.16729438800719,0.711408920318549,6.71835812859783,-2.95761387041454
2.80309377359239,0.942826052132713,8.95275253438883,-0.51136851147444
3.20422548898543,1.2666445146877,10.1144614165105,2.0530949342637
3.96217725353378,1.6167808503816,11.9586780081479,4.1730231325738
4.47549541987386,1.81362830129624,13.0168223403388,5.17096568494626
4.00511803050751,1.62856196201879,12.0523063846487,4.23608573699757
3.03787648828246,1.16756266045648,9.65140225328848,1.34560394939234
2.79611092558036,0.86473814442449,8.9310879295406,-1.26230766915884
2.58267089322061,0.729207416068996,8.24138136106204,-2.74297846404215
2.4333074726042,0.767935220343715,7.72393979652293,-2.29350827212596
2.62401407000728,0.830244154654681,8.37932318808266,-1.61588346750099
2.43217508499384,0.801754692716066,7.71989670567951,-1.91916978883289
2.16356665999073,0.644898842540711,6.70340560909239,-3.81016805060448
2.09792126890005,0.619009048063002,6.43578371791488,-4.1660600569122
2.1180435106594,0.63823248121679,6.51869755022806,-3.90042194536799
2.36191137215487,0.698523915137749,7.46527194424399,-3.11637440990617
2.43438016475015,0.757255111949664,7.72776801494626,-2.41515572447031
2.52201348202943,0.807345999045198,8.03494807737675,-1.85880605221728
2.797953989643,0.937591018466558,8.93681137103291,-0.559731231491871
3.20334478682573,1.05411021379265,10.1120737152502,0.457720428907914
3.26290889375213,1.04868247302043,10.272098953581,0.412880191132499
2.60480368825181,0.888054242019238,8.31549996290969,-1.03121013735137
2.16645832614525,0.727572911299193,6.71500678779349,-2.76246957568633
1.96496465944475,0.550672753000292,5.86709487696527,-5.18212823301709
2.18408622251566,0.609109782140367,6.78539558563218,-4.30608851578444
2.53102124728042,0.796497486739055,8.0659158193082,-1.97631180459113
2.55476951824307,0.769303553839941,8.14703451626188,-2.27804522620902
2.4014016128217,0.671644457369688,7.60929595954599,-3.45721129679892
1.70046748024175,0.528171917306385,4.61136661791692,-5.54449387564893
1.35109556295305,0.381324187627988,2.61372135491013,-8.37411292572495
1.47425786709217,0.335051435956458,3.37146907969184,-9.49777032867686
1.63407747149941,0.359197470528973,4.26545285111425,-8.89333460597311
1.66816528374613,0.377269381824993,4.44478157666582,-8.46696879097206
1.82545968767385,0.380186576966457,5.22744493400187,-8.4000644118159
1.75244336337941,0.421891568170948,4.87287982099919,-7.49598308484507
1.63639021561039,0.556355206781303,4.27773748155824,-5.09295686298886
2.26212408312222,0.696256137137462,7.09032846746768,-3.14461927440558
2.90089531485492,0.855737565141044,9.25064113240507,-1.35318805893147
2.6804631695147,0.901169911842443,8.56419688493724,-0.903866337608991
2.1820621013039,0.745100511928299,6.77734212825283,-2.55570276432425
1.92435163816742,0.653839630169616,5.68568867796591,-3.69057519477118
1.8302921582839,0.534834394017108,5.25040838043642,-5.43561343988605
1.7687337882563,0.464802954840007,4.95324944517683,-6.65462239434114
2.00974033906179,0.554562992150246,6.06279899321293,-5.12098231439151
2.40753027382587,0.714426935861889,7.63143513855123,-2.92084359426993
2.39221647955371,0.790284655501791,7.57600955667519,-2.04432900845314
2.83289331329162,0.875012315304971,9.04460438612926,-1.15971668969423
3.1742872992833,0.932906955425426,10.0329246288854,-0.603233379311126
2.95873451638466,0.894842104144047,9.42211996396425,-0.965071793089947
2.62444929774585,0.817459472193774,8.38076373928724,-1.75067538959596
2.63146077079469,0.73903470057659,8.40393800080801,-2.62670338595674
3.10530999774666,0.797135103178967,9.84209923093215,-1.96936131128539
3.4064325196075,0.922445814447207,10.6459958023798,-0.701182707773187
3.25714922229068,0.894687498382625,10.2567531137776,-0.966572621668096
3.22547061266469,0.852765954866194,10.171861787626,-1.38340292781554
3.56913007554817,0.964980270183506,11.0512475187287,-0.309631321477042
3.70439492018784,1.00301226288825,11.3743455996998,0.0261248552666355
3.35488263385002,0.949731369439493,10.5135466310071,-0.447984341966196
3.08013724465021,0.922017233291484,9.77140136420569,-0.705219230696355
2.86958999485236,0.838601687023398,9.15639698908176,-1.52888536514041
2.71259438664071,0.765248979920328,8.66769717406482,-2.3239448129273
2.94175244340244,0.860821349990885,9.37212245696764,-1.3017394044588
3.10921923376697,0.900353137014658,9.85302691213063,-0.911742358405816
2.77351760208792,0.90317542302359,8.8606185293405,-0.884557776632093
2.91678496519005,0.923130130012582,9.29808825419507,-0.694741477577601
3.14233359259262,0.959940986107545,9.94504576386749,-0.355109301617731
3.19525221757837,0.854922384944615,10.0901028985849,-1.36146622754928
3.25136191959598,0.930999187442907,10.2413062981662,-0.621013961237072
3.75395738506493,1.15253524082333,11.489786764022,1.23308427188219
3.72740924539876,1.20361749838329,11.428141561871,1.60976985912861
2.7846946342374,1.00555712116241,8.89555155976923,0.0481349188644986
2.25696840525591,0.857457095205086,7.07050959077937,-1.3357520328607
2.19136223314095,0.676580971731279,6.81428345127224,-3.39360441083993
2.14951714136964,0.604003013475923,6.64681825514624,-4.3792178920575
2.32238054141855,0.645357854718742,7.31866768012071,-3.80398799465505
2.45129920348832,0.629533242671646,7.78792648202475,-4.01962663828122
2.44780753941214,0.651124817113211,7.77554536214078,-3.72671503086193
2.6970876660956,0.71479140326442,8.61790125966815,-2.91641358715764
2.87321503984184,0.65593678009597,9.16736262162662,-3.66276032768638
2.65982298728367,0.590247371861403,8.49705470101284,-4.57931875973715
2.53026552206687,0.559825137832835,8.0633219548822,-5.03895208606538
2.26836763972354,0.486742899793341,7.11426886124286,-6.25400749787666
2.28777153896763,0.485254937364215,7.18825305696835,-6.2806007412907
2.05682101583093,0.460931952134533,6.26393002233412,-6.72726370452055
1.76472527102662,0.472702021208316,4.93354209743543,-6.50825081420228
1.76223513474733,0.472751432619802,4.92127711568848,-6.50734292801142
2.0196176454561,0.469926639774997,6.10538312966227,-6.55939868926894
1.9885108682591,0.516121426891927,5.97055937953084,-5.74496221454113
1.83818758592459,0.587786344226264,5.28779657598481,-4.61561015826136
1.97219046520674,0.636389948496386,5.89897709642323,-3.92553376929066
2.20624094580799,0.704694646727302,6.87305880868942,-3.03998055290191
2.60075085522677,0.83305089380381,8.30197499945165,-1.58656930624661
2.82804725192802,0.953860511939158,9.02973323036257,-0.410302596573971
2.58131477954558,0.842915121189874,8.23681936002827,-1.4843231042968
2.21165755483109,0.752168944783902,6.89435766458437,-2.47369203000881
2.07151478011473,0.681350292151468,6.32576072612936,-3.33259107053673
1.87565653255395,0.567546681454378,5.46306627922736,-4.91996822756868
1.75952865986079,0.467816903570935,4.907926903595,-6.59848179867959
1.82346772494631,0.429473919944187,5.21796161565826,-7.34126407638574
1.76252969920761,0.465280681571152,4.92272887461125,-6.64569957951816
1.61466382873358,0.566615015699587,4.16164232872115,-4.93423841102878
1.60664462917253,0.630245198189291,4.11839653144925,-4.00980909019298
1.85032365786204,0.594037845981171,5.34495403324076,-4.52371770720449
1.85802224722427,0.592643524198017,5.38101819518576,-4.54412913525264
1.78899954619267,0.635157874563837,5.05220460803785,-3.94236626486676
1.789634992131,0.658984003899224,5.05528925571013,-3.62250254583191
1.7935857885107,0.681151307088604,5.07444308258448,-3.33512811314852
2.03158474121739,0.589545698022403,6.1566988455847,-4.58965050756928
1.8713604007406,0.586494207116664,5.44314870542556,-4.63472546226288
1.90773804733299,0.637945231403857,5.61037482446859,-3.90433209078292
2.09805187787535,0.611056082451904,6.43632445309402,-4.27837857152684
2.32569653010327,0.56537328611853,7.33106089830522,-4.95329431542302
2.03910955575811,0.601912035710447,6.18881119710306,-4.40933945048798
1.49521654135268,0.557179096636723,3.49408185862008,-5.08010370230582
1.44103087902078,0.500290375980571,3.17346574320062,-6.01555703002852
1.68422966519835,0.46944175176865,4.52802625072489,-6.5683657444135
1.8215330279649,0.528307928856024,5.20874100519431,-5.54225742727657
1.96749917853492,0.538169760457898,5.87829119411303,-5.38161417437462
1.99430655539923,0.637482685372032,5.99583833613555,-3.91063213159002
1.9526031996193,0.633749238166718,5.81227993258244,-3.96165099451935
1.785920234389,0.606717427174953,5.03724115669104,-4.34027060656759
1.79344654600699,0.571806154072542,5.07376873961346,-4.8550234970365
1.66986679771175,0.513091539507397,4.45363659270069,-5.79610292948224
1.84813254560349,0.437973005888492,5.33466230045173,-7.17105312119405
1.89821162264935,0.375550991430035,5.56689256462371,-8.5066217434651
1.80507053743543,0.387534724007139,5.12988355331461,-8.23378755249286
1.75729203159311,0.427984484955069,4.89687879473863,-7.37143948985485
1.87636691805771,0.48754494276337,5.46635534724149,-6.23970688158642
1.96626864855372,0.518910032548109,5.87285709203505,-5.69815865246633
2.23570339891432,0.544685562818532,6.9882837413634,-5.27708271562565
2.28226499519555,0.534671380256511,7.16732138419911,-5.4382612414764
2.22730943615439,0.554374001517352,6.95561113977269,-5.12394290061998
2.12651657364321,0.582118876527695,6.55337543734452,-4.69976635002151
2.12925567574453,0.653783561577726,6.56455627149188,-3.69132006623675
2.18068889679765,0.708121315273726,6.77187424654659,-2.99784665296834
2.33142945275196,0.649330339256329,7.35244557149903,-3.75068609428421
2.1739758023891,0.610921707578692,6.7450941165568,-4.28028886045856
1.95355765429846,0.592334141422368,5.81652465699744,-4.54866468859552
1.80366565927224,0.540113822608845,5.12312073296331,-5.3502941619884
1.88800965623485,0.48070613233361,5.52008422338068,-6.36240675144993
1.93501532537843,0.474884499818911,5.73368817987306,-6.46824011027474
1.92109903436475,0.537566513039779,5.6709950741158,-5.39135585767854
2.12728793527933,0.521404502502394,6.55652554078805,-5.65650445746574
2.14304190687333,0.498819547722913,6.62061327380803,-6.04113071486227
1.98639380491309,0.516174530689148,5.96130704176126,-5.74406856825871
2.11102795163534,0.559462466876952,6.48987967478054,-5.04458088065708
2.40798998793961,0.650301376892089,7.63309353716739,-3.73770652906844
2.59220994350847,0.776457284875359,8.27340344408615,-2.19764862106997
2.6942627884693,0.788292974204351,8.60879905874268,-2.06624688287092
2.57834759723044,0.674464442115035,8.22682931839983,-3.42081882941276
2.6144061904711,0.683588413578937,8.34746126378644,-3.30410613849285
2.52049875999515,0.588931075101581,8.02972976230428,-4.59871058828546
2.3150300118918,0.474023287781348,7.29113251109252,-6.48400643628636
2.22670576152498,0.430203503747952,6.95325665690378,-7.32652113735303
2.23809139875748,0.443980320631986,6.99755636382435,-7.05272559006559
2.54126890262775,0.449458227151536,8.10101244109815,-6.94621331156743
2.47847630675225,0.414938215576292,7.88369543156991,-7.64033130102939
2.33245595359813,0.343283517912474,7.35626902444881,-9.28694095749727
2.34282031355137,0.338722234224503,7.39477961892501,-9.40312589385196
2.74985544850942,0.372471717670377,8.78619729795289,-8.57813396575038
3.02906976686221,0.403454325055686,9.62618552617734,-7.88411249016756
3.07426121371001,0.374183634170193,9.75481531697121,-8.53830422688632
3.15830413626717,0.31636872863893,9.9890789817335,-9.99612901491174
3.16873280931609,0.334575931689169,10.0177124118793,-9.51010607981807
3.1497584949999,0.315172426545457,9.9655451182698,-10.0290356918582
3.20095337298976,0.29891303180916,10.1055869599165,-10.4891030093895
3.27667136957521,0.294050536397624,10.3086577288564,-10.6315604807011
3.31030711626761,0.25523404346338,10.3973657529341,-11.8612279859898
2.87824772878645,0.240479445362903,9.18256341268478,-12.3784407680865
2.53082565521633,0.237694659864042,8.06524456586401,-12.4796115036468
2.40954924178398,0.2052470714817,7.63871612024853,-13.7544606158061
2.53867039794428,0.188132671642246,8.09212637945933,-14.5107155422821
2.68521458809433,0.199767586078718,8.57957995863589,-13.9894995643586
2.77894120152461,0.242151089057091,8.87758715632069,-12.3182714680976
2.96891631342693,0.281494189064345,9.45195912114202,-11.0106113187989
2.99600501247871,0.263066202732435,9.5308507125247,-11.5986988809038
2.9819580680102,0.267864609321636,9.4900306431053,-11.4416932449416
3.14092511877487,0.25671622731443,9.941151654487,-11.8109335646023
3.06684617512063,0.231405639837652,9.7338398693618,-12.7125212118753
3.04167860603436,0.195088075624544,9.66226646258573,-14.1953855038294
2.67620772092715,0.151397951098795,8.55039638633516,-16.3976000439459
2.53264932174188,0.162299105327053,8.07150120460895,-15.7936774842634
2.50625577779051,0.180312912519731,7.98050782330225,-14.8794634316897
2.67856058194477,0.179641321931544,8.55802946821363,-14.9118751548559
2.55423998498247,0.176117004946204,8.14523398428994,-15.0839741756284
2.55915813611878,0.180283226024587,8.16194245492119,-14.8808935835609
2.87190240581605,0.222181429346937,9.16339354890028,-13.0658448727272
3.19148071446739,0.2707828325886,10.079844488237,-11.3475774606225
3.05839197438264,0.275359448778032,9.70986290734795,-11.2020003279609
2.54327595494398,0.226580599776042,8.1078697061279,-12.8955455585523
2.55369882842952,0.204106567370302,8.14339354481519,-13.8028604224061
2.5880152688873,0.20097378537281,8.25933668548147,-13.9372117481486
2.71873321817177,0.205674977080682,8.68733187105645,-13.7363708483443
2.4288895484939,0.198795449807982,7.70815532228406,-14.0318712062087
2.28439678668427,0.191571708422322,7.17543081197454,-14.3533725547629
2.38652359772553,0.179890164275539,7.55531465974661,-14.8998516322145
2.51834496875926,0.176581632509804,8.02230441032882,-15.0610894482937
2.2938340944771,0.181813902754352,7.21124007201387,-14.8074582134094
2.19287659781325,0.201008113189874,6.82028385656295,-13.9357282602984
2.55396025061151,0.234544579731945,8.14428267394012,-12.595491980809
2.82630076961067,0.258464423462529,9.02436753547151,-11.7519845451897
2.95180293667046,0.226537542807471,9.40174720954222,-12.8971962895345
2.69220933318107,0.208655515990862,8.60217651007948,-13.6114025969291
2.67577644900559,0.216431014447948,8.54899653902478,-13.2936100988068
2.62636792752039,0.213186312097434,8.3871113253885,-13.4248136637713
2.4551045016331,0.215106578451817,7.80139965233001,-13.3469261537908
2.50163444511637,0.221528581676461,7.96447696192316,-13.0914046607297
2.64963831474077,0.232911552376405,8.46373190415024,-12.6561793998604
2.25256922909003,0.243703812725609,7.05356294396337,-12.2627535252312
2.37536629478327,0.218331983905822,7.51461179531873,-13.2176527785942
2.33358460920319,0.223515376418457,7.36047103601908,-13.0138518968168
2.36224777254897,0.226601971046685,7.4665089629865,-12.8947263368509
2.50705148745537,0.214683164124075,7.98326506359306,-13.3640402491143
2.63129592724319,0.218911231759573,8.40339387042975,-13.1946391070547
2.88006850312391,0.213154528566598,9.18805635362138,-13.4261087226319
2.69967282240627,0.223447973633966,8.62622269034009,-13.0164715887972
2.79780818418527,0.243890349850813,8.9363587248784,-12.2561076664974
2.7123552250662,0.244731757251415,8.66693133062224,-12.2261934283167
2.60488075276503,0.227469356301501,8.31575693580871,-12.8615420272185
2.40384045926258,0.226353614882853,7.6181128110306,-12.9042513080099
2.38488157009555,0.220126263109873,7.54933634902344,-13.1465627797143
2.34584374567832,0.202636693781361,7.4059816163772,-13.8656381820984
2.33592441690187,0.192500515267038,7.36917572554096,-14.3113620735167
2.41038417641373,0.200797151818645,7.64172535273883,-13.9448490335502
2.15963856204924,0.191512311125441,6.68762147077644,-14.3560660545871
2.36956741012024,0.171980027760098,7.49338136285498,-15.2904397057109
2.36553971524808,0.192662441175479,7.47860487705798,-14.3040588236605
2.23100588062078,0.210092098398524,6.97001430050231,-13.551805623604
2.20457006986954,0.232240691907328,6.86647813921939,-12.6812336658936
2.2053007385405,0.229863687598965,6.86935645823226,-12.7705926077569
2.08866332723426,0.218781988317147,6.397368829209,-13.1997687012932
2.33483604911021,0.225767914000572,7.36512780111244,-12.9267555938944
2.36411613575769,0.235090792302556,7.47337614367549,-12.5752876072503
2.30913175432681,0.235220730454212,7.26897427154957,-12.5704881140669
2.33052254019792,0.238690720564984,7.34906615340673,-12.443289289388
2.40598131755391,0.240018782462761,7.62584501440115,-12.3950954323711
2.58232864655151,0.26004892291042,8.24023026055245,-11.6988988135592
2.56717453144537,0.241907534716083,8.1891079107642,-12.327012088351
2.49376829307851,0.234341270964784,7.93712197633711,-12.6030243796735
2.53483503254634,0.234542783410626,8.07899401274739,-12.5955585042328
2.39799766642442,0.232691429954258,7.59697512271708,-12.6643922304505
2.35880066778323,0.222596074032693,7.45382484111596,-13.0496499932853
2.40898188902415,0.224704560218968,7.63667069879259,-12.9677622758864
2.44166045522609,0.239384639651032,7.75370538976548,-12.4180743992952
2.53764896851038,0.231112300318839,8.08863092426229,-12.7235387954425
2.37000976867859,0.215655202376974,7.49500272167435,-13.3248012130213
2.38310333738459,0.210387162415392,7.54285749722588,-13.539615277272
2.65182661494788,0.185141218767688,8.47090250149474,-14.6499376335304
2.50436010672837,0.189531223227343,7.97393554125113,-14.446384689291
2.45784602850012,0.197484297261265,7.81109346142998,-14.0893486219052
2.46595103775308,0.216000337345206,7.83968898578825,-13.3109114115141
2.63329779788355,0.221453102470552,8.40999951910759,-13.0943646208468
2.72094375697925,0.216161632801247,8.69439129655802,-13.3044277563471
2.62451988010357,0.22649126675447,8.38099733584641,-12.8989707845872
2.56409532738213,0.250423443764022,8.17868334506697,-12.0265003286605
2.52962717406199,0.247121525955418,8.0611303588609,-12.1417884593011
2.45030438279819,0.210721968817517,7.78440073674949,-13.5258036932619
2.25755272682418,0.194929983283137,7.07275804749716,-14.2024270890787
2.37774625540124,0.195531489523798,7.52331012795023,-14.1756658267275
2.48654601613125,0.221423384189225,7.91193001431247,-13.0955303170172
2.66258214308825,0.2510578734879,8.50606030068916,-12.0045230811937
2.74766469421865,0.272960457956376,8.77927466720046,-11.2780052375844
2.59113193081541,0.269607210253153,8.26979052421999,-11.3853699481286
2.5253405061389,0.242584713921604,8.04639889635683,-12.3027313792533
2.59222570682192,0.240224408888568,8.27345626310451,-12.3876573319147
2.52195596091191,0.253942169737689,8.03474997067356,-11.9053034804637
2.44042093575424,0.22927386582785,7.74929484077793,-12.792908924904
2.29781021378434,0.21682461803489,7.22628311097961,-13.2778282000775
2.2033094905877,0.207554910514127,6.8615101029242,-13.6573397449662
2.25159360970497,0.202815785017281,7.04980014819279,-13.8579649434682
2.21822926364463,0.210894033711502,6.92012860713927,-13.5187141295179
2.31589699819479,0.219536657163751,7.29438479618232,-13.1698590597135
2.41317857894234,0.217501622110591,7.65178923120968,-13.2507499952396
2.46803864941534,0.211473692663813,7.84703912907483,-13.4948730236089
2.47879915573577,0.215430642086945,7.88482679119106,-13.3338504828954
2.2542083024883,0.230004833440826,7.05988090005239,-12.7652607479418
2.32988575136628,0.255491592396417,7.3466925083513,-11.8524677372719
2.81885354589964,0.255575906267951,9.00145025201952,-11.8496018105923
2.96472087833904,0.251425648171293,9.43967623593955,-11.9918084318794
2.75738811681306,0.249111181811425,8.80995799260551,-12.0721355584623
2.60762423971056,0.240261132554476,8.32490018922226,-12.3863296011829
2.73705845280404,0.25790560244631,8.74568144662538,-11.7707844728604
2.89666270396648,0.248399682372266,9.23795855209445,-12.0969792765163
2.75147541276306,0.224730962163238,8.79131272601428,-12.9667417763353
2.44655434366113,0.204408402036182,7.77109733786876,-13.7900251371892
2.70840335570773,0.203023596792357,8.65426686431876,-13.8490696495048
2.69515636429376,0.228365500858642,8.61167933242177,-12.8273900854405
2.35471194870341,0.208931493602337,7.43875575167647,-13.5999218210918
2.28340441053987,0.212599062025775,7.17165671173105,-13.4487731177906
2.26361436341189,0.224061110102445,7.09604882039863,-12.9926703332506
2.50043243286448,0.218473575833396,7.96030246917078,-13.2120216602524
2.45782656414776,0.18112918632308,7.81102467523104,-14.8402312766815
2.48245661430149,0.157298245215674,7.89763334206655,-16.0655224448516
2.72400412817227,0.181820175541373,8.70415522811214,-14.8071585454792
2.98077592450194,0.213984063082089,9.4865865960636,-13.39237140902
2.84654518709011,0.200988751318253,9.0863616470063,-13.9365649587658
2.83674408514462,0.200761886871248,9.05640315988819,-13.9463746246213
2.50419931906712,0.181619636018357,7.97337786238083,-14.8167439804611
2.29758235635367,0.169907711758438,7.22542175062032,-15.3957381791667
2.32666591689869,0.181992541196843,7.33468055904291,-14.7989282164998
2.40016923820357,0.18171866265431,7.6048373061207,-14.8120093601056
2.39008570772318,0.186178241052383,7.56826949782329,-14.6014215415368
2.68148342567146,0.212286054715213,8.56750233840632,-13.46157068278
2.63977574486239,0.20933861882462,8.43134068205148,-13.5830129109817
2.48080456215627,0.19124896485565,7.89185103779947,-14.3680181361609
2.44484709973121,0.188995995846791,7.76503407230597,-14.470947937706
2.30602967305696,0.175095093512198,7.25729782640679,-15.1345204695855
2.30575790992845,0.176006594368238,7.2562741432895,-15.089421206889
2.39909464978841,0.195374541597296,7.6009476443916,-14.1826405589303
2.65581556617883,0.205288459256427,8.48395824093781,-13.7527092953091
2.77018196103888,0.206816640758307,8.85016593782079,-13.6882904045258
2.62375143989467,0.204569335553144,8.37845379856008,-13.7831893086779
2.622755791578,0.194456006392145,8.37515709425024,-14.2235727548635
2.47105577763924,0.172818042427878,7.85765097155869,-15.2482183716537
2.13442810930417,0.1541369044866,6.58563063411542,-16.2418673429529
2.23184204722036,0.179765541589557,6.9732691059563,-14.9058710497992
2.27035984421706,0.162773537758256,7.12189393657054,-15.7683239471284
2.36265013785456,0.148121641797157,7.467988317975,-16.5876296565278
2.1769988752891,0.133344029687884,6.75716409340008,-17.5005284906186
2.05333975883182,0.122699161997612,6.24921632961769,-18.2231680675554
2.200575746514,0.132936898178663,6.85072644209092,-17.5270891770426
2.34175897465289,0.134018990359359,7.39084386626448,-17.4566731634611
2.16226766339102,0.125328610069614,6.69818907022338,-18.038995535099
2.08479066592863,0.116624876817097,6.38124907879799,-18.6641760392169
2.02703913649342,0.118629257759808,6.13724267587353,-18.5161637377157
2.01467352136317,0.117023809543899,6.08409357174402,-18.6345153631038
2.06173778453766,0.114520842126254,6.28466860236696,-18.8223093412937
2.28886004602394,0.123759685625758,7.19238476482557,-18.1484160500348
2.2996160282782,0.117675123341589,7.23310654016858,-18.5863067562772
2.20065682321412,0.104162119103547,6.85104645393231,-19.64580386553
2.03608966310003,0.100140174032251,6.17593798146886,-19.9878331636392
1.84138047670166,0.106682549867391,5.30287068436098,-19.4381322518249
1.86157441986319,0.110066224458852,5.39760805245153,-19.1669186126717
1.92665422330043,0.117892971858991,5.69607557606497,-18.5702416884013
1.94696124145849,0.105287296674193,5.78714612040322,-19.5524804997678
2.22647882972654,0.110927117321498,6.95237140073802,-19.099245458716
2.13442443794226,0.120261592897333,6.58561569378004,-18.3974609620904
2.050662906132,0.122635613707941,6.23788551318147,-18.227667824604
2.07751121169381,0.124372447641543,6.3508675243443,-18.1055163740207
2.12310147902746,0.118923114017744,6.53941505739795,-18.4946745451751
2.00229004580532,0.108297562114994,6.0305397662509,-19.307626393241
2.03241647586662,0.115906921733247,6.16025413756731,-18.7178125610051
2.13639684023861,0.121748586684905,6.59363853939687,-18.2907214315905
2.10156472069147,0.109745677194563,6.45085538534309,-19.1922515460943
2.21165415918696,0.112770708945745,6.89434432878889,-18.9560737863367
2.14824042850346,0.121890594058799,6.64165770934948,-18.2805961265115
2.07635233757846,0.133511454702807,6.34602102285859,-17.489629442421
2.07182773304066,0.132021454112345,6.32707284289165,-17.5871097629279
1.97237689766909,0.134374010735791,5.89979814047959,-17.4336944002678
1.89094875517834,0.13916914114191,5.53359519197396,-17.1291410585196
2.06361238806419,0.130381892341504,6.29256252641512,-17.6956543994173
2.07842086074102,0.12503117150163,6.35466985374812,-18.059633992082
1.92212232369835,0.113495042594703,5.67562045350529,-18.9004621563396
1.90003162298773,0.0900805774540058,5.57521658300167,-20.9073767695072
1.8531487083989,0.0769377546372586,5.35820542518744,-22.2772098471652
1.86057818411561,0.0764304452353745,5.39295848813524,-22.3346722096604
1.77573344425353,0.0812147904809521,4.98755548585578,-21.8072974350475
1.79094597116607,0.0896370340591881,5.06164968707143,-20.9502504396691
2.01973087079916,0.0887174348070248,6.10587007097488,-21.0398204790309
2.01913139171095,0.0943755574265475,6.10329161748956,-20.5028094041433
1.91485712061105,0.0996630118425097,5.64272748207012,-20.0293198494566
1.93703419627454,0.101457348897556,5.74274575586124,-19.8743298015796
1.9193733728206,0.109023884198462,5.66318931214449,-19.2495669881021
1.87670201590722,0.114100073025938,5.46790641011708,-18.8542815525206
1.98093047132609,0.111920443241982,5.93738465010128,-19.0218115712599
1.96740633486686,0.119294820194037,5.87788130886839,-18.4675682615445
1.77209096918614,0.118007091302311,4.96972024720012,-18.5618378842287
1.84681239872277,0.125043604208478,5.3284556311927,-18.0587703374461
2.02190671975917,0.128263809955081,6.1152223126532,-17.8379172784125
1.94460622650479,0.112427316411045,5.77663344002481,-18.9825631124838
1.8040861313076,0.0998420618762448,5.1251453587821,-20.0137291757833
1.73770066716377,0.105465543485776,4.79949935715478,-19.5377880998768
1.79148255267614,0.121004270643474,5.06425165821035,-18.3439860343049
1.80564027223655,0.110246498759409,5.13262464996146,-19.1527038818489
1.69016569520476,0.0976014699586405,4.55858565423403,-20.2108728290189
1.68027890384626,0.111023778876729,4.50762749580505,-19.0916798965268
1.58362690765154,0.116022112311623,3.99305744616138,-18.7091846396455
1.69074522284155,0.108769407747719,4.56156338021778,-19.2698647241138
1.7298327771138,0.102499125251474,4.76008243845002,-19.7855968190092
1.73530756088793,0.102754419176912,4.78752918091043,-19.7639898254609
1.72662462323457,0.110925451476139,4.7439586010574,-19.0993758998375
1.79241334700724,0.110755811339679,5.06876338357498,-19.1126695429031
1.70412174792295,0.115448211793424,4.63001237859384,-18.7522557918374
1.67887697023814,0.113705364676599,4.50037743551403,-18.8843808919126
1.65743855601358,0.127622044448584,4.38874874722107,-17.881486049056
1.50591288236952,0.127482092592223,3.55599696982289,-17.8910163257113
1.56061804746536,0.100713346165342,3.86593249846072,-19.938259490238
1.41607890490868,0.074340054259449,3.02174906441538,-22.5755425251312
1.47486876821558,0.0684382726494133,3.37506758221124,-23.2940192077196
1.48915487593024,0.059231795165389,3.45879735684423,-24.5489020959206
1.5698792716688,0.0459649097701906,3.91732510341944,-26.7514717614608
1.63981114228264,0.0540984451307158,4.29587666110683,-25.3363043395892
1.77431661656211,0.0687398349847057,4.98062239510695,-23.2558302951012
1.71848909319781,0.0818897759333773,4.70293560256308,-21.7354063440082
1.60888534731762,0.0853976370619809,4.13050192857561,-21.3710829199764
1.61514669746581,0.0788055674437341,4.16423947460019,-22.0688619891226
1.60675878434009,0.0655653349272417,4.11901365856335,-23.666514318871
1.51859113271153,0.0701551453572963,3.62881719273317,-23.07880942405
1.47337354601059,0.0776938709289476,3.36625735917922,-22.1922648046063
1.57433945464625,0.0830615623527325,3.94196758949627,-21.6119980850889
1.47020472121831,0.0661815395891114,3.34755626101779,-23.5852626802782
1.46973962267074,0.0577526647566808,3.34480804934015,-24.7685594451934
1.59186757814547,0.0629672111610943,4.03813874953212,-24.0177108264056
1.56137545475008,0.0650254477826667,3.87014695708181,-23.7383329690711
1.57401662748855,0.0600320772027747,3.94018631634892,-24.4323325824593
1.49315147110356,0.0526162968966057,3.48207732968718,-25.5775944111949
1.46989975168006,0.0501239354184332,3.34575433065363,-25.9990967649653
1.39657459522391,0.0554114525703336,2.90128275246141,-25.1280092996311
1.52366132755786,0.060327356262755,3.65776889495205,-24.3897141287307
1.61149342001506,0.0613207314022434,4.14457073116522,-24.2478534748973
1.95100381030455,0.075732651472074,5.80516235142318,-22.4143367569364
1.75845917061786,0.0782921419368979,4.9026457791187,-22.1256365046144
1.78908604527742,0.0818249862869379,5.05262456529427,-21.7422811760686
1.47087018707954,0.069553897675227,3.35148690767414,-23.1535705581796
1.59585989268419,0.0549074433490443,4.05989520263633,-25.2073755567912
1.70309500571301,0.0614702819415503,4.62477750776697,-24.2266958985138
1.5660030853384,0.0671824876965202,3.89585226739023,-23.4548783746182
1.45940894194152,0.06986914853968,3.28354005779251,-23.114290984855
1.52169029720218,0.0727104798605413,3.64652542842153,-22.7680597834815
1.47451374813933,0.0746579246711805,3.37297652403252,-22.5384817337827
1.30249934751821,0.0665744719096894,2.29555028827096,-23.5338453968018
1.19980121260118,0.0582115491996088,1.58218593058739,-24.6998168513103
1.38160246484575,0.0647802456535124,2.80766198724991,-23.7711481886463
1.40737110413564,0.0691845253203641,2.96817259869507,-23.1998206887615
1.35972530820545,0.0650363375046634,2.66902362063978,-23.7368784769086
1.33532824165476,0.0526037123929318,2.51176068505562,-25.5796721074681
1.22680359779024,0.0508375983236903,1.77550081895359,-25.8762994925753
1.15746625517919,0.0459650525110551,1.27016676869233,-26.75144478807
1.28023373001176,0.0459393338411342,2.14578530526612,-26.7563061345905
1.1264694702838,0.0489141207116808,1.03438851832174,-26.2113149803517
1.08985781668325,0.0506540983528542,0.74739686784665,-25.907708214357
1.18138594238572,0.0401645361525159,1.44783597542196,-27.9231448840158
1.12158496503319,0.0357832614769718,0.996643577949396,-28.9264015610639
1.09601478180054,0.0402433561036477,0.796328229155296,-27.9061161671353
1.23420594879696,0.0418142073078639,1.82775270712343,-27.5735226386307
1.11731531290373,0.0385421246432569,0.963515017010532,-28.281286968801
1.1033252140318,0.0386423973262787,0.854070862435444,-28.2587187666227
1.07919633806444,0.0399203485840594,0.662009260313544,-27.9761135022662
1.00619574727558,0.0393123991340794,0.0536495486307592,-28.1094090300352
0.986822465432582,0.0419347630116063,-0.115219443428225,-27.5485161398709
1.05124515374826,0.0439317693948356,0.434080134164728,-27.1444260949766
1.01560058372707,0.0452777902497886,0.13445883634116,-26.8822955346912
1.06598237003555,0.0482043481838719,0.555000441661174,-26.3382757053102
1.11166663526537,0.0466500203107699,0.919491425307372,-26.6229632566333
1.1926170054218,0.0394119147734028,1.53001995241977,-28.0874493004945
1.24537335364224,0.0332019492384988,1.90599138396358,-29.576728374911
1.13683327645077,0.0401517557592636,1.11393554834311,-27.9259091821081
1.18466835033604,0.0461017487420241,1.47193571952476,-26.7256520108157
1.0892747577973,0.0383646831798796,0.742748793364197,-28.3213676780793
1.00396644793279,0.0322492997560418,0.0343839828507436,-29.8295942192649
1.06233211294211,0.031275550961849,0.525206196867211,-30.0959006174499
0.99441804201842,0.0303902981536299,-0.0486200952534072,-30.3453007823162
1.04945018560849,0.0389202713082605,0.419236573874869,-28.1964828196309
1.11398741441031,0.0453737108825891,0.937605685999617,-26.8639140113617
1.07515321647799,0.0474716011946863,0.629407170231187,-26.4713223897369
1.09934214390689,0.0522336790767799,0.822657544296059,-25.6409876714768
1.10882772520453,0.0480485920177431,0.897281530650466,-26.3663866814004
1.0465291128246,0.0348328409493742,0.39502628489804,-29.1602220650582
1.02766410035305,0.0370810020360748,0.237023709499898,-28.6169707694839
0.923265578558641,0.040979823419267,-0.693467112478774,-27.7485983458332
0.989518707263691,0.032545516970877,-0.0915198172346951,-29.7501765099018
0.941699174296543,0.0278649374864048,-0.521756207590025,-31.0988385384932
0.814113319300697,0.0265313520772785,-1.78630279848881,-31.5248123431815
0.834298970255092,0.0307132909805711,-1.57356584899496,-30.2534729136487
0.81528542660162,0.0335405826292089,-1.77380641423485,-29.4885879518004
0.831974465252974,0.0338232936658462,-1.59780005519293,-29.4156820735865
0.917733369726505,0.035960201291353,-0.745669532316074,-28.8835577183762
0.83518043662415,0.0300211347111192,-1.56439374386899,-30.451457934417
0.803310706179629,0.0221374921189201,-1.90232889815875,-33.0974316082656
0.901314493079447,0.0193987339580111,-0.902472908997213,-34.2445322601496
0.943495958748102,0.0206433445886785,-0.505199113948314,-33.7043987584037
0.887941848903686,0.0204852872292832,-1.03230950260793,-33.7711588463542
0.800509246862785,0.0247931687455533,-1.9326729416447,-32.1133592744358
0.836072649964952,0.0288504403853656,-1.5551196639463,-30.7969510640475
0.879420893635723,0.0285738139869833,-1.11606440901107,-30.8806357363076
0.890045560050924,0.0260978491903764,-1.01175523851111,-31.6679056564839
0.997663131156228,0.0257629766723183,-0.02032153851949,-31.780079194508
1.0230249998695,0.0274292567440498,0.197724935684262,-31.2357192079759
0.983419925099451,0.0245273327171288,-0.145219934073959,-32.2069935521512
0.947819947667046,0.0198884782953846,-0.465483108964417,-34.0279688857255
0.917933307996801,0.0213716468083612,-0.743777422187193,-33.4032402331545
0.884228014653761,0.0269205610454934,-1.06871459256571,-31.3983178663588
0.968343710845871,0.0294573599367598,-0.279409274724474,-30.6161235723219
0.983319905227344,0.031352863381881,-0.146103387551733,-30.0744557989533
0.98681719644238,0.0310742374658837,-0.11526582055399,-30.1519903951083
0.871376907958928,0.0286024525502249,-1.1958790665432,-30.8719345238789
0.873150512030261,0.0294740825037955,-1.17821773963435,-30.6111941027681
0.860102759644206,0.0294387527159391,-1.30899317790999,-30.6216118894491
0.919151804887462,0.025325069068603,-0.732255113292044,-31.9289872304516
0.92019940687296,0.0228050567492803,-0.722361020030924,-32.8393768540179
0.952550267454578,0.0234945377053433,-0.422241933999954,-32.5806619206679
0.892856666889298,0.0231884424241309,-0.984365083713542,-32.6945684419217
0.779692349370677,0.0288002483886337,-2.16153454432574,-30.8120753327683
0.803307161324263,0.0315919954346339,-1.90236722740071,-30.0084588406299
0.811222777870701,0.0320393878064291,-1.81719727055321,-29.8863158160692
0.755065602153632,0.0332822748275917,-2.44030628090989,-29.5557399509275
0.845703734212719,0.0343674471156802,-1.45563503546339,-29.2770545389549
0.842256733061303,0.0321684674850811,-1.49111017102868,-29.8513925703512
0.826373341310921,0.0284913136746851,-1.65647403084102,-30.9057505178333
0.855638750367182,0.025517193564726,-1.35419110450777,-31.8633418391233
0.797213927099664,0.0220484667953089,-1.96850245809381,-33.1324321016895
0.857506577227277,0.0207018319525818,-1.33525080313689,-33.6798244225584
0.806837573486894,0.0213288183493018,-1.86427770799398,-33.4206640898798
0.732721397554875,0.0215098300938509,-2.70122251276245,-33.3472604018225
0.831766376920099,0.0244792845837592,-1.59997278817865,-32.2240255751911
0.828852135716066,0.0202955339474415,-1.63045878272802,-33.851990370179
0.733833813988708,0.0182800073670404,-2.68804560929112,-34.7604726715357
0.748147931519075,0.0190708058792162,-2.52025040927921,-34.3926190897859
0.767189555141358,0.0212661986047152,-2.30194636949423,-33.4462026914055
0.797088445985422,0.0236268503266997,-1.96986972082969,-32.5318833979966
0.816479297534833,0.0214065168972062,-1.76109645321544,-33.3890798398967
0.843165936804684,0.0226336218052692,-1.48173893818511,-32.9049189039483
0.888156669325523,0.0215268098549254,-1.03020837311987,-33.3404065053007
0.742001294241313,0.0210239266908364,-2.59190674397821,-33.5457233295264
0.677167171786941,0.0205758496928488,-3.38608208206417,-33.7328444255498
0.731581969314879,0.0210583994528731,-2.71474013508655,-33.5314928103995
0.770582262088915,0.0225617432484764,-2.26361984327756,-32.9325469466597
0.714178399609491,0.0225922206536963,-2.92386578441241,-32.9208215788063
0.71781872876665,0.0202290364820503,-2.87970429163826,-33.8804960474945
0.746473313858277,0.0207660334342966,-2.53971427053407,-33.65292902174
0.753218132378347,0.0206092125634672,-2.46158467334449,-33.7187720284372
0.792507526573574,0.0211356237087409,-2.01993209049826,-33.4996986337584
0.877516998519782,0.0219416350953438,-1.13488923987892,-33.1746202367525
0.839377118471027,0.0249090963447855,-1.52085747773993,-32.0728405513107
0.79090743742883,0.0266982991316835,-2.03748680959476,-31.4703281069806
0.759785552447314,0.0274133792682289,-2.38617937888114,-31.2407485069517
0.821687277703997,0.0267624461462902,-1.70586874429837,-31.4494838724312
1.03861163247864,0.0307576108282008,0.329063647926646,-30.240948048691
0.950504547682839,0.0332131248569109,-0.440916018288751,-29.5738052376442
0.805839379143361,0.0366853265973719,-1.87503027316007,-28.7101522038272
0.697308128578849,0.0369548136759571,-3.13150544317357,-28.646579661354
0.779441192589712,0.0318551635175112,-2.16433291924549,-29.9364032255013
0.935874356946626,0.0261820670837573,-0.57564904548171,-31.6399213744748
0.945185965284102,0.0225661829051671,-0.489654713390111,-32.9308379220508
0.747871052263369,0.0246534609743855,-2.52346553249846,-32.1624420741304
0.709353284271622,0.021020390228196,-2.98274832323308,-33.5471845174599
0.709975736942479,0.0175672856356318,-2.97512985638039,-35.1059067445215
0.639368460750484,0.0183059879061811,-3.8849758148324,-34.7481365777949
0.659387265795247,0.017692269905118,-3.61718888569102,-35.0443288771076
0.646224250787116,0.0172446281544293,-3.79233496581635,-35.2669233175764
0.6158906523828,0.0170016470979995,-4.20992774639351,-35.3901800537036
0.64131211104393,0.0132757756697088,-3.85861116891285,-37.5388018957277
0.717306252531054,0.0152058946350865,-2.88590767081671,-36.3597604631737
0.707748882981994,0.0189778865798508,-3.00241614791531,-34.4350430645324
0.713474295706658,0.0222645887314239,-2.93243337134677,-33.0477064537927
0.801010187616206,0.0238995958826382,-1.92723920647091,-32.4321888491745
0.720163857870949,0.024833728648408,-2.85137355824142,-32.0991613722147
0.57590493431264,0.022997669764955,-4.79298400899655,-32.7663233313791
0.537910236326755,0.0188391270271901,-5.38580382200671,-34.4987845107547
0.566715830770321,0.0169371728494445,-4.93269311014283,-35.4231816066156
0.600685591554507,0.0148880340396797,-4.42705570409994,-36.5432529382925
0.585949566533077,0.0160424419526669,-4.64279525366447,-35.8945904693557
0.615854748736577,0.0204527024342706,-4.21043410932939,-33.7849860027659
0.643343286151042,0.0239388567630358,-3.83114453847482,-32.4179318767212
0.63300022738169,0.024579739182897,-3.97192267957088,-32.188454595004
0.628773823743071,0.0225069983177642,-4.03011093099417,-32.9536484304711
0.671061673326697,0.0223429649102198,-3.46475129096801,-33.0171839308461
0.610262327058907,0.0202619773363262,-4.28966878489008,-33.8663634950606
0.668839297763976,0.0185490157776143,-3.49356435549998,-34.633582587492
0.67657975160105,0.0179736555310476,-3.39362007478335,-34.907271718245
0.600386591893355,0.0224831197716378,-4.43138030365029,-32.9628685189996
0.648337179795317,0.0258831314408945,-3.76398144926383,-31.7396636441235
0.650483807540799,0.0240798484228956,-3.73527019675062,-32.3669250237886
0.676480884471395,0.0237347254308131,-3.39488941771693,-32.4923157588555
0.641219992664719,0.0226827591641248,-3.85985890388109,-32.8860823669492
0.62905440838464,0.0199552893783904,-4.02623579572693,-33.9988393996669
0.649368362389204,0.0193553548938786,-3.75017748557378,-34.2639772236196
0.636438171642793,0.0203471071985201,-3.92487561141172,-33.8299465366606
0.574410472093648,0.022296617521164,-4.8155530211707,-33.0352203204841
0.662683305667727,0.0189586416447185,-3.57387940054288,-34.4438556472758
0.690185696196534,0.0153044117915771,-3.22068091037445,-36.3036671476397
0.598826181970857,0.0120457056584428,-4.4539843924685,-38.3833550638465
0.543515871884356,0.00970645029339878,-5.29575538036163,-40.2587913026522
0.590974760839062,0.00837949713361452,-4.56862132864847,-41.5356408652208
0.549005541090963,0.0103725761104191,-5.20846544421913,-39.6822673956558
0.488668390015559,0.00843274562257115,-6.21971505638405,-41.480620003134
0.541171921456801,0.00440873451891438,-5.33329489458201,-47.1137210465712
0.583250114525018,0.00424909682249445,-4.68290334515215,-47.4340674540112
0.628389582968599,0.00471937271548597,-4.03542046044375,-46.522314452349
0.527734418774621,0.00502997570201779,-5.55169160531742,-45.9686822571522
0.49986139642996,0.00500994369081301,-6.02300803769531,-46.0033431070328
0.548507983894913,0.00601659918813927,-5.21634093202168,-44.4129783846836
0.559508882939167,0.00846543410940897,-5.0438602816996,-41.4470153252608
0.531735823710633,0.00856552042566454,-5.48608159470364,-41.3449248988544
0.491286031119535,0.00608882847508468,-6.17331168225168,-44.3093252007078
0.485746014559772,0.00453259807697135,-6.27181508010347,-46.8730557961587
0.527850023752602,0.00530276671618652,-5.54978909132818,-45.5099495662519
0.593396151409957,0.00576551195077519,-4.53310549428441,-44.7832424663445
0.520956121706448,0.00529503672475081,-5.66397708499824,-45.5226204682543
0.468819758032116,0.00445271008741535,-6.57988187224371,-47.0275116106678
0.418107855738027,0.00357347393953413,-7.57423345015768,-48.9381876150805
0.382902954174582,0.00321163966635171,-8.33822565937321,-49.8654637366941
0.394179854379588,0.0026963688972161,-8.08611150551252,-51.3844138223674
0.404986495805249,0.00262208358290626,-7.85118916015315,-51.6270693725494
0.408537484406498,0.00268088876982571,-7.77536179247007,-51.4344240907491
0.411025470486995,0.00265931967756543,-7.72262529731025,-51.5045890573727
0.425752241278178,0.00288756366084499,-7.41686114224872,-50.7893686458996
0.416194871532912,0.00357624789718224,-7.61406551173721,-48.9314476909964
0.435518841117348,0.00421205108964634,-7.21986104199893,-47.510127394475
0.454843257023805,0.00477806572238549,-6.84276478498965,-46.4149576163229
0.43703995772355,0.00517382187913362,-7.18957709008684,-45.7237705392197
0.433641350902939,0.0050778834723088,-7.25738622622436,-45.8863453914749
0.407462204202421,0.00437575638291472,-7.79825339578567,-47.1789373006817
0.384997752749814,0.00311228011424521,-8.29083610963278,-50.1384264431822
0.385265646805172,0.00219266502056979,-8.28479428473313,-53.180554232206
0.276732897595491,0.00190275017749456,-11.1587841901529,-54.4123645774841
0.130538571683372,0.00164281984057824,-17.6852228708617,-55.6882012149602
0.0632391778598071,0.00121009036872797,-23.9802756948693,-58.3436439131024
0.0414590348925301,0.000935767748060504,-27.6476162376686,-60.5766385434395
0.0282245122239177,0.000778173625229409,-30.9874710963266,-62.1784698579866
0.0174570736568097,0.000720593173503762,-35.1605711131981,-62.8461971291341
0.0144407975847662,0.000653242755633823,-36.8081763886559,-63.6985079567185
0.011993170338396,0.000664163541052482,-38.4213199602552,-63.5544993695227
0.0124298291863715,0.000634401125926266,-38.1106967898799,-63.9527210981996
0.0161226200623464,0.000638994119614327,-35.8512876052627,-63.8900627689384
0.0223261936868816,0.000669246095824708,-33.0237062386948,-63.4882830734738
0.0195017876650603,0.000635477116743219,-34.1985115291739,-63.9380016717063
0.0176292663332537,0.000658365914469243,-35.075315222022,-63.6306532382096
0.016659395733781,0.000645132735251283,-35.5668151056961,-63.8070184125206
0.0127406555273008,0.000626083061066968,-37.896164525468,-64.0673609214119
0.00944309392996677,0.000603071819724565,-40.4977138077522,-64.3926192944196
0.00639137804295897,0.000612086963079949,-43.888109873046,-64.2637374099422
0.00411948542368668,0.000564798732787977,-47.7031405900675,-64.9621257272202
0.00276847155132923,0.00056212690018687,-51.155198698336,-65.0033126270648
0.00202475891458766,0.000542408024309979,-53.8725336050096,-65.3134778840084
0.00137246254631762,0.000536211087030784,-57.2499899670587,-65.4132842104007
0.000937193286507264,0.000515096002627432,-60.5634166218022,-65.7622364084682
0.000811213794472271,0.000515532585968383,-61.8172934577431,-65.7548775694333
0.000741027160477488,0.000529591041713888,-62.6033174752494,-65.5211873961077
0.000700031012041585,0.000535134307948892,-63.0976543979949,-65.4307441023515
0.000625548600157177,0.000534970066610879,-64.0747788685672,-65.4334103509551
0.000622379295630778,0.0005270622744482,-64.1188972645468,-65.5627613636279
0.000601170046330313,0.000509652672849917,-64.420053330749,-65.8545138761729
0.000546782384850609,0.000494514604263698,-65.2437097023259,-66.1164175613166
0.000532626757202714,0.000515425670967851,-65.4715403999393,-65.7566791009547
0.000540844704919265,0.000519614633497461,-65.3385483569598,-65.6863725346704
0.000566056668553402,0.000532707453073814,-64.9428017787756,-65.470224539761
0.000557339001461496,0.000537250652733863,-65.0776112965343,-65.3964609637832
0.00058615229837402,0.00053005746310782,-64.6397905550681,-65.5135409265554
0.000633503233568923,0.000508112847731684,-63.9650232804078,-65.880796474617
0.00063599569847507,0.000515536128825674,-63.9309164334109,-65.7548178782274
0.000560395409986488,0.00051877155066648,-65.030108610684,-65.7004769712402
0.00050753788566346,0.000509320308449842,-65.8906306773404,-65.8601801316164
0.000533285522145479,0.000524363313634325,-65.4608041312432,-65.6073540148303
0.000647313759973935,0.00054416620161985,-63.7777032213829,-65.2853687184471
0.000632953295352137,0.000538148109402614,-63.9725666944135,-65.3819636225851
0.000674700779319985,0.00053438271830404,-63.4177757641633,-65.4429519038595
0.0006047996375754,0.000531970171386266,-64.3677695551321,-65.4822543753596
0.000564885690049682,0.000549862443997606,-64.9607885375332,-65.1949188386445
0.000541634582178841,0.00054726657909888,-65.3258722937709,-65.2360214576183
0.000532514411274272,0.000516077342371136,-65.4733726910351,-65.7457041516447
0.000531131555547854,0.000547010422929152,-65.495957910868,-65.2400879677559
0.000523369430693027,0.000505023934965774,-65.6238329502791,-65.9337607712018
0.0005355514445447,0.000537799508304374,-65.4239760985557,-65.387591983526
0.000506640856478973,0.000547209452001104,-65.9059958160612,-65.2369281922621
0.000495496081745398,0.000511406719934348,-66.0991955090668,-65.8246713920039
0.000499057807234282,0.000515873542464682,-66.036982918843,-65.7491349031363
0.000499461352037486,0.000515896576345792,-66.0299622306911,-65.7487470846763
0.00051708609974654,0.000532050094090733,-65.7287427345804,-65.4809495133858
0.000529981688373728,0.000532537517361912,-65.514782712725,-65.4729958137733
0.000539263308030755,0.000514551081357636,-65.3639825700158,-65.7714300953662
0.000519307360840681,0.000504167415413364,-65.6915104304469,-65.9485045283467
0.000506248141736284,0.000522464068245809,-65.912731158416,-65.638871444019
0.000516954209463601,0.000525440810241292,-65.7309584788565,-65.5895239840902
0.000533063850784712,0.000523002229783432,-65.4644153548293,-65.6299291908925
0.000538096021967608,0.000505387451647765,-65.3828043718151,-65.9275109090972
0.000505543286518222,0.000536577021166729,-65.9248330510676,-65.4073585972836
0.000537021164617065,0.000555248832426948,-65.4001719584382,-65.1102469201937
0.000559124281739554,0.000531794748866945,-65.0498329344183,-65.485119107271
0.000560727855478846,0.000514367611210993,-65.0249573752563,-65.7745277190638
0.000544624942012327,0.000517497819845409,-65.2780494659336,-65.7218295099273
0.000538052395814371,0.000555494352983751,-65.3835086091606,-65.1064070325887
0.000539920555934142,0.000544382474280044,-65.353402753823,-65.281917296339
0.000522615780248914,0.000520972102974598,-65.6363496200132,-65.6637106337626
0.000486554448310916,0.000529157191320373,-66.2573710512699,-65.5283059474891
0.000499190343058314,0.000531242551368591,-66.0346764952407,-65.4941429241389
0.000514758197335604,0.000500841310459344,-65.7679345734887,-66.0059971357043
0.000520484223691527,0.000504048379120813,-65.6718485955973,-65.9505555497856
0.000561964884114711,0.000517069809490575,-65.0058164328069,-65.7290163787461
0.000566632648737983,0.000484021808179437,-64.9339681106694,-66.3027014051853
0.000510467775058173,0.000498297447743902,-65.840633379324,-66.0502267451833
0.000499941861038448,0.000535749859407728,-66.0216099492106,-65.4207586850864
0.000509399155436068,0.000488973852476884,-65.8588355883024,-66.2142872767758
0.000490252158105531,0.000495813321556818,-66.1916097175581,-66.0936361749665
0.000519949089019917,0.000523692644583777,-65.6807835673099,-65.6184705169717
0.000508585448525492,0.000538694370835459,-65.8727213973819,-65.3731512530635
0.000508090894654022,0.000530953494330333,-65.8811717576471,-65.4988703331809
0.000483042777673696,0.000544597187774357,-66.3202881392148,-65.2784921125554
0.000512973289981371,0.000518890393064419,-65.798104951787,-65.6984873985021
0.000523482941291891,0.00052189405986651,-65.6219493216707,-65.6483529240472
0.000535911879682742,0.000516723639464288,-65.4181323148666,-65.7348333913414
0.000488737361522163,0.00052273055026865,-66.2184892013191,-65.6344423483271
0.000516097815032819,0.000515749615684632,-65.7453595913659,-65.751221739461
0.000522885286994225,0.000527019652642609,-65.6318715645206,-65.5634637915706
0.00049276597894362,0.000551130067159677,-66.1471856786863,-65.1749179037753
0.000518601891902511,0.000540304484341361,-65.7033180644331,-65.3472285590208
0.000558112635672822,0.000534011726481792,-65.0655628988565,-65.44898412196
0.000539798661330373,0.000517800923449439,-65.35536393607,-65.7167435875386
0.000531813681764535,0.000512292049344062,-65.4848098786973,-65.8096476844562
0.000528286598808806,0.000511412157222241,-65.5426081208138,-65.8245790439184
0.000532346340365245,0.000541678925178506,-65.4761145432013,-65.3251612190933
0.000520630285002444,0.000534264126124805,-65.6694114526611,-65.444879722372
0.000552638774063448,0.000530416867511238,-65.1511729504226,-65.5076534722099
0.000579609072632559,0.000518412110662906,-64.7372965025466,-65.7064972286815
0.00060511735295562,0.000512590832275874,-64.3632078524468,-65.804583309411
0.000553780873518141,0.00051144188347899,-65.1332409598541,-65.8240741840356
0.00055232061539449,0.000494345311559144,-65.1561749282124,-66.119391607972
0.000532479219300604,0.00054081826541444,-65.4739467293969,-65.3389729820553
0.000527652396686632,0.000539548513208843,-65.5530416976156,-65.3593899975021
0.000519923555347232,0.000505660849608685,-65.6812101246663,-65.9228133994515
0.00051691784963587,0.000521233850424294,-65.7315694199265,-65.6593477542349
0.000501182453163894,0.000521888295265505,-66.0000828488289,-65.6484488649067
0.000509747452513735,0.000522703499311397,-65.8528987190197,-65.6348918489521
0.000529206661908975,0.000523908746551081,-65.52749394683,-65.6148870206512
0.000522192845983741,0.00053732868689188,-65.6433816457064,-65.395199454166
0.000527238434189594,0.000529498212453872,-65.5598587684307,-65.5227100339904
0.000544013834767689,0.00049467223752119,-65.2878011131369,-66.1136492570254
0.000527265220128487,0.000504615553087672,-65.5594174997672,-65.9407873587289
0.000507275991305271,0.000501139184543563,-65.8951138354725,-66.0008327607276
0.000527354515930036,0.000490446329610359,-65.5579466122942,-66.188170225594
0.000564282576606648,0.000509250860320905,-64.9700671852924,-65.8613645727295
0.0005382274474565,0.000520269921794872,-65.3806831743679,-65.6754256222331
0.000524818347865967,0.000552895226041849,-65.5998198050544,-65.1471431989693
0.000520355961794612,0.000547936426885879,-65.6739893059629,-65.2253965330229
0.00053435874789509,0.000559826812932835,-65.4433415291025,-65.0389260963215
0.000524532441632858,0.000539766571270547,-65.6045529220901,-65.3558803119402
0.000535757210142242,0.000532547841901107,-65.4206395115027,-65.472827418241
0.000521426350090925,0.000510289320870852,-65.6561405139894,-65.8436704062494
0.000540513710069256,0.0004922359184653,-65.3438657148088,-66.1565339799895
0.000528037416345591,0.000505079725062907,-65.5467060517219,-65.9328012921972
0.000554920368662784,0.000516750922751094,-65.1153866774236,-65.7343747837919
0.000531106695706091,0.000520930487963792,-65.4963644671971,-65.6644044863252
0.000530630371017474,0.000530381552843827,-65.5041579295984,-65.5082317900089
0.000521405079787107,0.0005118920687225,-65.6564948406931,-65.8164319874963
0.000516747531642144,0.000497572075513529,-65.7344317839702,-66.0628800177388
0.000553990130761583,0.000519760792841789,-65.1299594416756,-65.6839296754097
0.000556304407360611,0.000553542192742559,-65.0937499863421,-65.1369854043992
0.000521207659099872,0.000539729900664876,-65.6597842198809,-65.3564704330609
0.000518458406916965,0.00051465340869001,-65.7057215789801,-65.7697029285543
0.000514989565584291,0.000488209044813657,-65.7640314057809,-66.2278835775952
0.000506409817447632,0.000520982758943107,-65.9099576703194,-65.6635329743076
0.000520543533998777,0.000548189334212099,-65.6708588760054,-65.221388370381
0.00055259019979626,0.000546336143936908,-65.151936431537,-65.2508013386703
0.000524010924107267,0.000535952582659777,-65.6131931828425,-65.4174726389858
0.000519619926618137,0.000514547244476032,-65.6862840551995,-65.7714948641629
0.000555192007033522,0.000533680108914319,-65.1111358988386,-65.4543796744786
0.000540117807939719,0.000529075573365505,-65.3502300717634,-65.5296457747437
0.000516445736394628,0.000540297699536908,-65.739506072332,-65.3473376316538
0.000513024667574459,0.000554245966578461,-65.7972350473188,-65.1259491739796
0.000535601737881187,0.000519655435791769,-65.423160449818,-65.685690509399
0.000543749676650184,0.000497196026650418,-65.2920197659538,-66.0694470137492
0.00052417372980332,0.000515125797438538,-65.6104949706249,-65.7617340031782
0.000503493400065808,0.000523416622041275,-65.9601243585642,-65.6230497934115
0.000493318653989183,0.000550187538578632,-66.1374492426973,-65.1897850069465
0.000538986846420014,0.000548076484662432,-65.368436666466,-65.2231766204947
0.00053805649421014,0.000524458461843187,-65.3834424481732,-65.6057780619601
0.000505774360568045,0.000509934792865557,-65.9208638061213,-65.8497071019324
0.000509174704593878,0.000469062935690366,-65.8626635979392,-66.5753776536171
0.000507917721200073,0.000491679401457473,-65.8841326882935,-66.1663597154553
0.000504293062060695,0.000504715744644188,-65.9463401343181,-65.9390629441439
0.000524172733666188,0.000531496170789149,-65.6105114772618,-65.4899972008432
0.000510825312703369,0.000526947574624703,-65.8345518094167,-65.5646518013942
0.000513541712990299,0.000522599771130459,-65.7884854917428,-65.6366156961081
0.000531870111631575,0.000548713272688041,-65.4838882822587,-65.2130906927265
0.000514515975277943,0.000550415581548049,-65.7720227244509,-65.1861856057505
0.000493236681728047,0.000521953956962609,-66.1388926528933,-65.6473561130967
0.000567019713108191,0.000484527476188465,-64.9280368417085,-66.2936318059613
0.000564545670040593,0.000499399942613067,-64.9660183841042,-66.0310302378044
0.000609277097264741,0.000514322284373921,-64.3037029340964,-65.7752931662727
0.000573521171680187,0.000507485640129485,-64.8290109075067,-65.8915248417239
0.000549281993814882,0.000488185445613885,-65.2040927497753,-66.2283034489624
0.000551143508750342,0.000514633792925963,-65.1747060649439,-65.7700339933173
0.000556220348745233,0.000542492232539993,-65.0950625393504,-65.3121295141663
0.000515960047112975,0.000520124018174819,-65.7476785252133,-65.6778618201024
0.00050942138731167,0.000536119202126954,-65.8584565154238,-65.4147727482963
0.000523631923025529,0.000524773286312777,-65.6194776942508,-65.6005656183125
0.000529858998625378,0.000557199336002737,-65.5167937123624,-65.0797881956621
0.00052361169721932,0.000546999225962523,-65.6198132018962,-65.2402657643896
0.000522549358451996,0.000532528293714773,-65.6374536223895,-65.4731462562723
0.000525828382626804,0.000524601344177003,-65.5831195138694,-65.6034120191791
0.000528930344208478,0.00052062642502126,-65.5320303444651,-65.6694758505569
0.000518162246287677,0.000551846899348006,-65.7106846647592,-65.1636278653746
0.000519731261027943,0.000547129451256621,-65.684423205062,-65.2381981418851
0.000548603736134544,0.000517198314113722,-65.2148247812543,-65.7268579887602
0.000523945252762285,0.000500782302407431,-65.6142818048064,-66.007020548932
0.000498336408960647,0.000533572147363347,-66.0495476335382,-65.4561369762122
0.000513251748452998,0.00055803178233769,-65.793391249583,-65.0668213079579
0.000529658483243834,0.000556068311647068,-65.5200813494716,-65.0974370622792
0.000518620571136851,0.000532422998323134,-65.7030052178187,-65.4748638637554
0.00049037925031691,0.000521019921920217,-66.1893582927748,-65.6629134106081
0.000512466025464655,0.000517203577508588,-65.8066984275832,-65.7267695951343
0.000508394766801485,0.000524249136285906,-65.8759785707373,-65.6092455274698
0.000525440435456418,0.000490142267704204,-65.5895301795382,-66.1935568846922
0.000537705445114847,0.000502964524292018,-65.3891113116941,-65.9692529210506
0.000523287497043157,0.000505208462993387,-65.6251928354965,-65.9305876595414
0.000532162818168782,0.00048952179968804,-65.4791094513195,-66.2045592631857
0.000530315500853152,0.000525159011204962,-65.509313569769,-65.5941835611021
0.000534130670779621,0.000524592876864367,-65.4470496663089,-65.603552214658
0.000523177466922852,0.000479120448944079,-65.6270193839588,-66.3911058596456
0.00050887433739361,0.000498085419381684,-65.8677890021595,-66.0539234265352
0.000500297628946084,0.000522787159467271,-66.0154311071558,-65.6335017592818
0.000501932019333222,0.000487174676870782,-65.9871019769274,-66.2463058845605
0.0004960315793474,0.000498659652815301,-66.0898134742387,-66.043915393545
0.000498055229487226,0.000507012271027531,-66.0544499106052,-65.8996305894653
0.000494594493158931,0.000491580001495561,-66.1150144681076,-66.1681158687137
0.000519562299010954,0.000520957434248277,-65.6872474031557,-65.6639552010456
0.000532491526337942,0.000513712440583874,-65.4737459772757,-65.7855983366128
0.00052099852421216,0.000514670726096508,-65.6632701377494,-65.7694106647735
0.000508846045235732,0.00052166644418696,-65.8682719296221,-65.6521419610914
0.000508380547025869,0.00054367027034544,-65.8762215180237,-65.2932882996103
0.00054774837965943,0.000537409969015575,-65.2283779697681,-65.3938856323295
0.000520579616144824,0.000551788341513434,-65.6702568232347,-65.1645495954357
0.000514308899807563,0.00053249556315822,-65.7755192081583,-65.4736801297631
0.00051951129211858,0.000519146782494596,-65.6881001632337,-65.6941966651977
0.000520615651205039,0.000516117638315845,-65.6696555977662,-65.745025973325
0.000515638819216384,0.000541712071764316,-65.7530878955407,-65.3246297256858
0.000520998643900774,0.000533244188785941,-65.6632681423465,-65.461477374559
0.000511869174718148,0.000562643355677929,-65.8168204663461,-64.9953361079665
0.000523528596352411,0.00055330756064839,-65.6211918232036,-65.1406679069246
0.000524073076013541,0.00051306787693518,-65.6121630276274,-65.7965035114729
0.000518525735342424,0.000503324262803909,-65.7045936788512,-65.9630426776572
0.000516694639022173,0.000509150050417278,-65.735320889279,-65.8630841778299
0.000495539475649234,0.00051936432895463,-66.0984348609606,-65.6905576389999
0.000503322364497272,0.000522943919323055,-65.9630754368828,-65.6308976503577
0.00050832297921961,0.000495967517539946,-65.8772051432389,-66.0909353175793
0.00051004503488083,0.000487513257441594,-65.8478295158158,-66.2402713919062
0.000544542577403611,0.0004749630010257,-65.2793631479706,-66.4668044001854
0.000534930700849571,0.000491774171342776,-65.434049525482,-66.1646856948608
0.000544520509956755,0.000490995348126392,-65.27971514853,-66.1784524505186
0.000571789269901832,0.000534563104391411,-64.8552799759282,-65.4400203920302
0.000535189947955615,0.000506341429677598,-65.4298410433848,-65.9111307295987
0.000531759307865102,0.000519058550264407,-65.4856979901756,-65.6956730117192
0.000577095040491326,0.0005346874873641,-64.7750531593476,-65.4379995808438
0.000555846453705007,0.000536303194898991,-65.1009032157753,-65.4117923164586
0.000554976157282275,0.000511595982559111,-65.114513490093,-65.8214574918137
0.000540067008793486,0.000553110005774684,-65.3510470352522,-65.1437697012214
0.000516360367125034,0.00052498689230234,-65.7409419818476,-65.5970307955696
0.000519215228367743,0.000512210705434761,-65.6930515668698,-65.8110269764437
0.00055971244965564,0.000495991348049245,-65.0407006599139,-66.0905179833913
0.000551994529895842,0.000506124128190716,-65.1613045196125,-65.9148591660824
0.000527517521409066,0.000528542279626974,-65.555262215396,-65.5384053298836
0.000519469591222433,0.000498611239981969,-65.6887974029765,-66.0447587121072
0.00052322670106569,0.000521377020563359,-65.6262020280183,-65.6569622812462
0.0005591553435858,0.000529986235085603,-65.0493504079332,-65.5147081968143
0.000540736876006398,0.000517994617444209,-65.3402802467342,-65.7134950609418
0.000505549644866491,0.000514638653258013,-65.924723807081,-65.7699519619602
0.00049124669085253,0.000494519056502775,-66.1740072422266,-66.1163393604246
0.000505470717661268,0.000505221585728515,-65.9260799676902,-65.9303620474286
0.00051333793661998,0.000525925430063371,-65.7919327878058,-65.5815165849028
0.000512100809932722,0.000540112332997382,-65.8128907457986,-65.3503181173439
0.000519845551813554,0.000526290572124988,-65.6825133564732,-65.5754881957315
0.000527417635371942,0.000524055820592846,-65.5569070541178,-65.6124490204672
0.000507730236678512,0.000536729974652151,-65.8873394488033,-65.4048830015625
0.000527264619213641,0.000572169743932023,-65.5594273989276,-64.849502224246
0.000552699615470008,0.000536798321717601,-65.1502167514009,-65.4037770128888
0.000522204157942598,0.000491701923975662,-65.6431934903865,-66.1659618471974
0.000517567238979126,0.000514808462473827,-65.720664429665,-65.7670864546429
0.000529082368663142,0.000504409380877773,-65.5295342163402,-65.9443369025038
0.000548612158929144,0.000488548305710643,-65.2146914265249,-66.2218497702701
0.000561153590543908,0.000535509375714203,-65.0183650780385,-65.4246584224951
0.000572980741603558,0.000564584817629422,-64.8371994962844,-64.9654160947497
0.000567929724481988,0.000524351606010292,-64.9141080096491,-65.6075479495754
0.000539503452040728,0.000524385243858793,-65.3601154423297,-65.6069907561481
0.000516118485391539,0.000522500584210351,-65.7450117176604,-65.6382643925988
0.000528270946715842,0.000540874285965327,-65.542865470454,-65.3380733025257
0.000504314121466326,0.000530573659762762,-65.9459774169468,-65.5050862858538
0.000543194626843136,0.000514144718203514,-65.3008906929575,-65.7782924266691
0.000563231746734444,0.000527620299251991,-64.986257480621,-65.5535700819396
0.000585254230105546,0.000490169480370059,-64.6531087724522,-66.193074658068
0.000546984844366194,0.000496823129622698,-65.240494135098,-66.0759638752415
0.000551617818381932,0.000511614109338606,-65.1672342734203,-65.8211497403413
0.000536681858192788,0.000515255156756415,-65.4056617040946,-65.7595530607606
0.000515123828630874,0.000517451285985293,-65.761767200659,-65.722610587898
0.000530259519619925,0.000515634153893743,-65.5102305191684,-65.7531664828375
0.000518926055671769,0.000521611681638742,-65.6978904500298,-65.6530538204293
0.000530743619720917,0.000504555416983257,-65.5023043591282,-65.9418225362802
0.000515281215398508,0.00052166370938349,-65.7591137895315,-65.65218749644
0.000532403513963007,0.000518050952756608,-65.475181735258,-65.7125504648337
0.000561692757768329,0.000487557207973724,-65.0100235139861,-66.239488372657
0.000547550035430163,0.000521263711395851,-65.2315237720095,-65.6588501624649
0.000530121567736919,0.000504768125839481,-65.5124905271075,-65.9381615383957
0.000506907495673846,0.000536720953465587,-65.9014257357718,-65.4050289924576
0.000510650471793781,0.00051707395827716,-65.8375252501635,-65.7289466864973
0.000489626913975813,0.000516237494435356,-66.2026943552432,-65.743009114982
0.000534353576849002,0.000509588222212102,-65.4434255837814,-65.8556123625673
0.000528593553091558,0.000524428274027217,-65.5375627595321,-65.6062780359402
0.000518472235066668,0.000534843517997654,-65.7054899149182,-65.4354652646509
0.000541757057280334,0.000537372925387582,-65.3239084513694,-65.3944843706726
0.000540756174839402,0.000516314456853947,-65.3399702539266,-65.7417142899138
0.000495470946772029,0.00053479675170114,-66.099636128378,-65.4362247852151
0.000504943375618622,0.000549897607501099,-65.9351464192179,-65.1943633969182
0.000510086583775307,0.00053661109449636,-65.8471219814044,-65.4068070496536
0.000497249692723547,0.000517200610370065,-66.0685095315319,-65.7268194252453
0.000550499209465955,0.000531183279283283,-65.1848660070442,-65.4951120850483
0.00060740715471007,0.000522914886965606,-64.3304019357834,-65.6313798796057
0.000609429452433562,0.000519563534998662,-64.3015312214895,-65.6872267403014
0.000634967557541793,0.000513124250232273,-63.9449692718144,-65.7955492023828
0.000576778694079492,0.000504500912601314,-64.7798158123262,-65.9427608764559
0.000453665155168782,0.000461956626777707,-66.8652915294721,-66.7079759709281
