M,S,M_dB,S_dB
4.95796016683254,1.14728040289331,13.9060606648752,1.19339150617634
66.20584221425,1.36636204692356,36.4179262931627,2.7113158045949
149.275722285322,1.91496607043286,43.4797836247127,5.64322166996413
105.888508708525,3.10291878538399,40.4969766383604,9.83540817348695
43.7910549628408,5.10390780079237,32.8277081566498,14.1580564099958
24.396503251167,4.93037312720577,27.7465516681276,13.8575957525002
17.2650476960558,3.93609527574437,24.7433556491977,11.9013120453347
19.693441388609,4.38451980529649,25.886432296849,12.8384407233475
27.9796584799657,6.31976037070075,28.936848183694,16.0140122249662
21.6195803137774,4.54980299638988,26.6969451807087,13.1598518477222
16.6763916537958,2.07399057864094,24.4420417241499,6.33613558442068
15.0769580068766,2.22306834764301,23.5662745042877,6.93905630344365
12.713847566562,2.88200643280606,22.0855400025182,9.19389891699214
8.53985718558117,2.24377631831593,18.6290121584343,7.01959119996185
6.93514104421127,1.22049827569775,16.8211059602402,1.73074340377403
9.00584262825777,1.69597858332026,19.0904870731103,4.58840727439787
14.7849832700589,3.5947106593916,23.3964167487338,11.1132787895843
12.52649216406,3.13660682438415,21.956589421354,9.92920166052172
7.27131447958256,2.08341811983847,17.2322585600315,6.37552873948395
11.7186260499982,3.78657833350582,21.3775339164353,11.5649389113544
17.7186397207047,3.46697750124635,24.9686075513955,10.7990204667232
15.8429667555762,2.95488627081743,23.9967302179623,9.41081540379103
12.9095569758797,3.22542935197401,22.218226772157,10.1717506757478
11.0491364056363,3.00746054871591,20.8665667026427,9.56399878116957
10.2381268822885,4.41165052337793,20.2044101501847,12.8920220346561
8.03845838288717,3.88024927743013,18.1034553530756,11.7771925342287
6.04340277595405,2.60994136878247,15.6256307946004,8.33261502415835
5.04468447754519,2.63858717352535,14.0566801648927,8.42742893903776
5.68781001271399,3.50861353251068,15.0989016285272,10.9027106818266
6.62847890387946,3.73590366725894,16.4282775682671,11.4479133826533
7.93732346609187,3.90774197984482,17.9934815853903,11.838517608463
8.62595110357432,3.1169257749443,18.7161398401494,9.87452920616607
9.36115171927251,2.90842665933535,19.4265856810744,9.27316233674622
8.5075715885453,2.42832617308925,18.5961122447002,7.70614041625887
5.2757397383576,1.147486159971,14.4456672576416,1.19494912280088
3.5356764459859,0.844226162020163,10.9694503069553,-1.47082386938583
3.70815624383591,1.17182882696039,11.3831604986951,1.37728354873015
3.98443200008215,1.42860673855598,12.0073283876069,3.09825388610196
4.35635341928069,2.42590658659814,12.7824621132138,7.69748147301801
4.28297699451407,2.55058240506778,12.6349148328652,8.13278718849947
4.20232471238725,1.83179574438807,12.4697921434526,5.25754091468632
4.72707505613687,1.83000364595967,13.4918499610458,5.24903909972979
4.18979468082103,1.4261971453179,12.4438548212769,3.08359125654128
4.32715544533894,2.11660892464838,12.7240499346671,6.51281245980561
4.40843129612931,1.96479395216218,12.8856815370473,5.86634025320118
3.79528763574164,1.40853973022642,11.5848939123066,2.97538202998215
3.72856617301365,1.14494641013365,11.4308371033928,1.17570319503947
3.87008501064559,1.26544331140842,11.7544100975296,2.04485389318142
4.29014488958637,2.55570732090906,12.6494391942085,8.15022234033655
4.15623973434354,2.76260112183045,12.374011799357,8.82636367666295
3.74128731072152,1.49721446547076,11.4604212191349,3.5056802887486
4.07782414307136,1.31873996797645,12.2085698563044,2.40318337709633
3.67064964086619,1.36402125384079,11.2948586718288,2.69642274884115
2.72422344688189,0.964943702904212,8.70485453007121,-0.309960473668298
2.48904887654287,0.961024559144949,7.92066849548606,-0.345310274415857
2.71196607103561,1.04320527031458,8.66568503683427,0.367395449328146
2.75717338964701,1.33731434200149,8.80928156657765,2.52467004428141
3.2775050846469,2.01226282976746,10.3108674823447,6.07369410086724
3.48886309222733,2.30741348430535,10.8536785494277,7.26250852554578
3.30774007602341,1.74061315046634,10.3906275025929,4.81404520653886
3.27787539385881,1.59444452953551,10.311848802944,4.0521882961555
3.33487772383143,1.60802219019265,10.4615982952534,4.12584075157857
2.73943673455201,1.60498911482903,8.75322550295446,4.10944182658456
2.78455586962864,1.98483095045159,8.89511872088838,5.9544704697161
3.3138919545353,2.81791868628242,10.4067668932895,8.99856913949545
3.48951840445212,2.86895799021933,10.8553098645636,9.15448377949294
2.83930508786443,2.26368299281908,9.06424121337168,7.09631215960961
2.25065011882144,1.97499757035846,7.04615971542059,5.91133131387681
2.11909243370673,1.77646638003712,6.52299801645509,4.99113985595505
2.23411406214779,1.51009170868819,6.98210684288654,3.5800664606686
2.33690839642536,1.45465550264677,7.37283377966572,3.25520308273885
2.23778111749415,1.29517975224826,6.99635209859806,2.246600928069
1.90653994756424,1.52625251433115,5.60491818878393,3.67252784810705
1.97150803349647,1.62323902636652,5.89597102150039,4.2076495116034
1.90735956334948,1.34747617040184,5.60865142420111,2.59042187191401
1.71311327630899,1.19639418227963,4.67572161598759,1.55748585030837
1.62957940393759,1.63697441864884,4.24151054059841,4.28083785303474
1.73388265425806,1.9581017247867,4.78039403889746,5.8367049992501
1.74544107680544,1.57272826907943,4.8381038467314,3.93307386208326
1.43965724803944,0.929105874350198,3.16518216130255,-0.638695881028096
1.43523917722572,0.961639084558574,3.13848561295139,-0.339757873067053
1.49883023239526,1.09384795762292,3.51504889033031,0.779139204952648
1.49392697376523,0.853947412699651,3.48658737574656,-1.37137745923056
1.63412606561426,0.620557217768873,4.2657111478292,-4.14436337385621
1.63917266072595,0.656310929472254,4.2924940396969,-3.65780726851177
1.66177291614003,0.926671723389692,4.41143352969127,-0.661481778170264
1.56403610957419,1.27247048819465,3.88493551166049,2.09295437478746
1.44408790610085,1.22105040391708,3.19187261775443,1.73467183239876
1.38884691019249,0.871601236553394,2.85308753933381,-1.19364324570851
1.45400748374225,0.750428997471793,3.25133283664469,-2.49380785295636
1.55081589063922,0.76956035008025,3.81120484827126,-2.27514632940884
1.42473404425212,0.685087362901711,3.0746760392615,-3.28508086776068
1.34530502740425,0.689544336421463,2.57641530311633,-3.22875608521896
1.32499113342521,0.642606383329093,2.44425944142048,-3.84109929399589
1.29935914592813,0.598344598286329,2.27458415366777,-4.4609725064952
1.60517297204904,0.78020410476049,4.11043676919537,-2.15583538271113
1.70418695372042,1.38698401148106,4.63034472546158,2.84142909506958
2.02931926790267,1.77573848157904,6.14700757822806,4.98758012558509
1.76796890184955,1.47768652108527,4.94949243216193,3.39164623729853
1.48409726270255,0.934329797616928,3.42924728127026,-0.589996008506749
1.40587006892699,0.866202158669522,2.95890369738132,-1.24761476591957
1.3861475599324,0.92672207174417,2.83618929603911,-0.661009865237663
1.57852744345442,0.986217371319274,3.96504273422219,-0.120547040728307
1.76821494315217,0.964833677993092,4.95070112927612,-0.310950913545895
1.50083574517237,0.966349178857032,3.52666329365083,-0.297318360930726
1.28867475525398,0.907714310106739,2.20286641809913,-0.841016357051948
1.25229222433313,0.757928278227471,1.95411367983193,-2.40743778297265
1.51779151163752,0.854210569753282,3.62424239345707,-1.36870118084545
1.75627634972004,0.921724479038722,4.89185706187614,-0.707977568412452
1.91632736240164,0.985740701198893,5.64939401489716,-0.124746221428681
1.75637512381137,0.795830218863211,4.89234554805988,-1.9835914813153
1.59154718915357,0.63410674861334,4.03639039838235,-3.9567524943766
1.51224610711985,0.673023317104064,3.59244950407653,-3.43939778493475
1.58628070945284,0.95702457558758,4.00760085734992,-0.381538195246057
1.78226140139183,1.06560109944391,5.01942803280894,0.551893198277115
2.28962864658132,1.23235123701704,7.1953010020943,1.81469010718885
2.37301384495398,1.18803482129084,7.50600544087082,1.49658339998832
1.76872882578562,0.87628692494524,4.95322507546474,-1.14707336710566
1.74689399776064,0.715285672986143,4.84533105232787,-2.91040947381778
1.82099752278276,0.716976321392175,5.2061870999455,-2.88990373904358
1.69847208875228,0.751223557043068,4.60116828876075,-2.48461603642026
1.69285317471055,0.833231905032681,4.5723858464292,-1.58468217932612
1.50257346781013,0.829644150077695,3.53671431744881,-1.62216289455661
1.6191489444452,0.763252682556421,4.18573602108811,-2.34663321277982
1.66538788391899,0.558976797971127,4.43030801482474,-5.0521243690062
1.60628744318517,0.498972094020222,4.11646528733367,-6.03847484913237
1.36527596306939,0.519586905116698,2.70440888284498,-5.6868360552605
1.23304281912229,0.676914277223551,1.81956316671818,-3.38932651657706
1.23999611189305,0.895155369586901,1.86840646798599,-0.962031577523434
1.53897295766586,1.12008094843596,3.74461977233227,0.98498820677294
1.81867193315229,1.23114208446293,5.19508729109354,1.80616354339229
1.4573101925562,0.927101443067005,3.27104004812792,-0.657454858559125
1.24586702536992,0.663911035994786,1.90943382832689,-3.55780224291331
1.24071528550337,0.54609281335193,1.8734426546149,-5.25467077590467
1.15048994659865,0.629501020408475,1.21765655994884,-4.0200712314588
1.01114319559803,0.638313061826078,0.0962532731319995,-3.89932536987331
0.932693086136481,0.54596188087333,-0.605224851231688,-5.25675357463375
0.85937039070101,0.468766203983221,-1.31639227710306,-6.58087413231954
0.872652300876349,0.409289617690012,-1.18317523790943,-7.75938543629694
0.973008992266365,0.376421270874785,-0.237662921793982,-8.48651686735399
1.02858240870198,0.34038501352291,0.244781850819695,-9.36059138582541
0.99603105505246,0.367182618799522,-0.0345424116934612,-8.70235770072939
0.949343768018166,0.401694723874729,-0.451529923865036,-7.92207745086019
1.05645784051279,0.514882373136225,0.477043411619262,-5.7658395175321
1.11440017076384,0.742584926410602,0.940823399290675,-2.58507741362029
1.23283858660119,0.936977222480817,1.81812437802486,-0.56541932997397
1.16839126692476,0.939695291847692,1.35176604407606,-0.54025898166901
1.12068945852761,0.782822016964015,0.989705737505428,-2.1267393651475
1.10561626094849,0.629104610486972,0.872088350028449,-4.02554264022886
1.16576270847352,0.5352193150291,1.3322031716121,-5.42936444220402
1.02477702944524,0.566875565316127,0.212587641192698,-4.93024524991696
1.14290714854857,0.573844470566405,1.1602189821668,-4.82411597529548
1.23418503954507,0.725862669461156,1.82760555421679,-2.78291076883213
1.38857147917675,0.947127847061529,2.85136481479031,-0.471827885070636
1.43268874295783,1.03176878578651,3.12303697056117,0.271647699555025
1.3644271164164,0.944180190712468,2.69900683846836,-0.49890230970962
1.31597185825072,0.76607530730723,2.3849320418338,-2.31457071856459
1.11890548885905,0.617840230767238,0.975868086233521,-4.18247631915831
0.983825317869088,0.476492684245405,-0.141640109017006,-6.43887525691359
1.06501321882889,0.434060526851387,0.547099964486971,-7.24899413579853
1.09326484949435,0.529329331292511,0.774507699019034,-5.52548080275366
0.979189799649448,0.598264544103671,-0.182662385568156,-4.46213469349851
1.28780156128067,0.612941813365759,2.19697894556425,-4.25161502296226
1.24972401859939,0.611481058133195,1.93628233323818,-4.27233983144658
1.01557252004908,0.53611491088699,0.134218819368251,-5.41484227273375
1.10075204610686,0.442992268535554,0.833790028206451,-7.07207706748654
1.06505621886129,0.420728484042049,0.547450651210404,-7.51996169008441
1.13814144667284,0.393332072242792,1.1239247788287,-8.10481279668809
1.02265771499755,0.488496991884113,0.194605980946496,-6.22276212558392
0.933128236785219,0.606045699726773,-0.60117336941726,-4.34989252027683
0.879132228911298,0.679778748559114,-1.11891596911366,-3.3526483316221
1.01730586634125,0.801352018428106,0.149030977683025,-1.92353329685709
1.09813437748852,0.878841509202522,0.813109750021403,-1.1217887757709
0.984831693562454,0.783568966933844,-0.132759670304024,-2.11845544936713
0.943631897375983,0.724220898867717,-0.503947743599939,-2.80257893774359
0.910893671718428,0.633872927821776,-0.810646302055072,-3.95995592366079
0.828102786026287,0.542206610998557,-1.63831508474815,-5.31670382944155
0.768326980834633,0.529195913992784,-2.28907831419323,-5.52767035459012
0.773554469481565,0.509813100258317,-2.23018200484107,-5.85178018012825
0.811849214009218,0.597751511087001,-1.81049250888909,-4.46958634670576
0.828306736028336,0.579947852746456,-1.63617613638443,-4.73222110400397
0.791364370455558,0.442173521552788,-2.03247013681743,-7.0881453521888
0.807471756656972,0.40626308134617,-1.85745318532519,-7.82385283706177
0.702529764744385,0.368106662910404,-3.06670541734307,-8.68052643079862
0.543192520832635,0.282391843167872,-5.3009243689354,-10.982957038973
0.548029310412544,0.267101452096915,-5.22392426790312,-11.4664750186094
0.562096926955182,0.313854249890576,-5.00377578071145,-10.0654397241093
0.617879882487247,0.339170516179441,-4.18191889444639,-9.39163815290008
0.638838741695581,0.311642195835553,-3.89217508816565,-10.1268748853381
0.667569663711697,0.49992353726075,-3.51006814273057,-6.02192830868406
0.767680562684319,0.8269231857394,-2.29638910777473,-1.65069661811219
0.704482709467676,0.704484838969841,-3.04259323136014,-3.04256697579334
0.763597936555861,0.625504794362593,-2.34270507711309,-4.07538714364021
0.89956294233919,0.742810682565591,-0.919368874178835,-2.58243718356899
1.11325426062491,0.856326968877303,0.931887318595615,-1.3472075647317
1.17716171197259,0.857455269166559,1.41672255836714,-1.33577053032967
0.763538249033985,0.662358143504459,-2.34338404632743,-3.57814239582213
0.690752161023678,0.483283814146233,-3.21355495431108,-6.31595499499551
0.650569090181576,0.331636701959666,-3.73413149499885,-9.58674824901417
0.640874007781558,0.230754193907821,-3.86454683874933,-12.7370079404313
0.729301386031845,0.206996294891885,-2.74185922125588,-13.6807485616259
0.663967327468566,0.227345268978888,-3.55706581773678,-12.8662815793636
0.740161810232118,0.254806573319999,-2.61346653486755,-11.8757874513977
0.789813353027843,0.301622095977073,-2.0495105622228,-10.4107369291611
0.788491946132489,0.348895607357991,-2.06405476624707,-9.14608996685288
0.800568503375561,0.389931297108218,-1.93203000530951,-8.18023811153092
0.794433196000935,0.353426716897016,-1.99885233610412,-9.03401247166271
0.786814873449364,0.34203514149447,-2.08254878095304,-9.31858542431045
0.704120303831399,0.339384085769981,-3.04706264595127,-9.38617052524151
0.776114551751609,0.339284933924097,-2.2014834737529,-9.38870849875113
0.82044934032587,0.370815430337872,-1.71896459681647,-8.61684404658303
0.781007715111547,0.398760022635207,-2.14689351928312,-7.98576776042759
0.82359033165158,0.398217832772505,-1.68577520647629,-7.99758591071841
0.942492690293956,0.448114495190918,-0.514440187479138,-6.97222015411523
0.896216514118462,0.451938532613529,-0.951741156586182,-6.89841257642927
0.857349160903021,0.450264689857944,-1.33684545718639,-6.93064218892817
0.815965631582553,0.577207756712618,-1.76656266630479,-4.77335682687049
0.825875324400209,0.63837852094869,-1.66171019189245,-3.89843467595321
0.814928638276493,0.596132104776636,-1.77760839844349,-4.49314977103066
0.740803451560327,0.557365592181477,-2.60594005702698,-5.07719690143711
0.794126729458168,0.511606461979137,-2.0022037168844,-5.8212795737755
0.809212230659489,0.393122463407422,-1.83875123607249,-8.10944278906976
0.769462152626145,0.291435725681064,-2.27625473717903,-10.7091442252995
0.760734960164787,0.242307380788215,-2.37533249893604,-12.3126671372438
0.778753503534675,0.295192609160052,-2.17199972961268,-10.5978904058951
0.677858193486165,0.342565953696803,-3.37722300253531,-9.30511604144116
0.863200963217575,0.378432643651045,-1.27776167419883,-8.44022816707259
1.00746087882039,0.383810597985019,0.0645638170112997,-8.31766074923518
0.867078383004398,0.422173701573417,-1.23883281938954,-7.49017647301974
0.740017058550444,0.507678620861287,-2.6151653797335,-5.88822250056922
0.793971486949754,0.617776143826363,-2.00390187293745,-4.18337733035827
0.880160511426455,0.714686769523747,-1.10876240085785,-2.9176851520445
1.00083201786865,0.687275063972374,0.00722381063074424,-3.25738826151495
0.999689961632009,0.593155642281087,-0.00269337659455695,-4.53662668196459
1.01131720386645,0.734320944294166,0.0977479047398102,-2.68228169345873
1.00180692346118,0.616668655730835,0.0156805752311511,-4.19896250995894
0.878960259728567,0.387950791282904,-1.12061520320603,-8.22446715974582
0.867368034902098,0.348256097437439,-1.23593173877466,-9.16202541996073
0.791208323340439,0.336661051856086,-2.03418305405651,-9.45614248022079
0.702744205061597,0.411086522600366,-3.06405453931682,-7.72133522509541
0.798915872198991,0.438020141590612,-1.94997901105092,-7.17011837528148
0.755951157085984,0.438437946171123,-2.43012527762919,-7.16183730673489
0.792011549300199,0.473374125757938,-2.02536970758449,-6.49590967877874
0.79504008820561,0.536829156452934,-1.992219448316,-5.40327809289343
0.821723259276294,0.499840776230724,-1.70548839871947,-6.0233663539615
0.907552748958213,0.385957335451002,-0.842562468190349,-8.26921401031005
0.791932495929684,0.307384713502139,-2.02623671908588,-10.2463546825123
0.620413104817265,0.261778213491251,-4.14638074554662,-11.6413300093528
0.640952256259006,0.231606160192728,-3.86348638670622,-12.7049978710742
0.709823647972672,0.275177642763996,-2.97699072211395,-11.2077370786908
0.804282946641432,0.306824134639987,-1.89182279250494,-10.2622096396553
0.825029267625597,0.302612755391024,-1.67061289462968,-10.3822554007322
0.76220654677008,0.285117851517255,-2.35854650582152,-10.8995118044438
0.74114594091914,0.31897124768526,-2.60192531152903,-9.92496925637421
0.907540933141692,0.382709615786306,-0.84267555423026,-8.34261251508836
0.889208010041879,0.403108194610632,-1.01993267606644,-7.891567463483
0.883857977743203,0.467815844239546,-1.07235027525068,-6.59850146715648
0.895948791558655,0.566214395865041,-0.954336239325522,-4.94038185995274
0.942876873611725,0.58064396771508,-0.510900325577261,-4.72180162936811
1.24536896588048,0.563780252286458,1.90596078134836,-4.97780280743031
1.16127774985663,0.629735455567855,1.29872210025982,-4.01683708444347
0.908606200346529,0.546636635916083,-0.832486077544394,-5.24602529981164
0.985220759367118,0.434060008734458,-0.129328916285105,-7.24900450372852
0.91043428208695,0.321996178565562,-0.815027948662072,-9.84298564917268
0.894265135852211,0.286815082873447,-0.970674009624815,-10.8479602792987
0.948655158293784,0.335866567289325,-0.45783254948742,-9.47666448788192
0.95251064269986,0.511565995046823,-0.422603262338202,-5.82196663548409
0.972814614711528,0.533818547959085,-0.239398271276837,-5.45212680743572
0.901710678528065,0.40618788894397,-0.898655743055799,-7.82546059662604
0.980834657493622,0.418641143150226,-0.168083937828205,-7.56316184746426
0.951036658751794,0.439783473281817,-0.436054847649754,-7.13522190229542
0.965577832002783,0.385841590769914,-0.30425426893038,-8.27181921096401
0.890774961031353,0.3217309621457,-1.00463998270943,-9.85014284525088
0.790623625449741,0.316211420123895,-2.04060424384901,-10.0004489874292
0.822859910348824,0.287288475408995,-1.69348191886807,-10.833635908053
0.876197461720785,0.252322789498652,-1.14796018550001,-11.9608704548457
0.819641334643507,0.239281005548066,-1.72752296356881,-12.4218354981089
0.811530697160367,0.23164429804558,-1.81390095593646,-12.7035677108844
0.76865013636073,0.245404355434839,-2.28542582874557,-12.2023546737018
0.765023106995329,0.265346882142349,-2.32650894165942,-11.523720220336
0.831445908779983,0.273602524890376,-1.60331998679658,-11.25759798254
0.771367402936835,0.248811609094246,-2.25477435694368,-12.082587202458
0.729400039566641,0.297571522584255,-2.74068434927466,-10.5281726571659
0.809860267162722,0.352700173336768,-1.83179815169033,-9.05188653791284
0.704252409628322,0.364669999679727,-3.04543316766754,-8.76199926673575
0.684211185543506,0.345732597447298,-3.29619660418506,-9.22519342019773
0.710768172126673,0.425738219542104,-2.96544055878768,-7.41714720828866
0.772642280268514,0.481731321561466,-2.2404306045152,-6.34390230978846
0.722406836040551,0.533573406471355,-2.82436306007478,-5.45611647952708
0.870941961050293,0.906654237726023,-1.20021570203799,-0.851166084091677
1.11266858294839,1.25209188100155,0.92731651166598,1.95272398879544
1.12742315253235,0.965713351658148,1.04173898317632,-0.303035282604368
1.12722951036955,0.647855857657254,1.04024699774799,-3.77043220319158
0.887425409371043,0.551953001763673,-1.03736280849818,-5.16195800859219
0.753239926594975,0.464181535456504,-2.46133335249388,-6.66624278423031
0.787527218471048,0.398899775293703,-2.07468854435443,-7.98272416669528
0.720592425420057,0.307058733552836,-2.84620614639394,-10.2555709127222
0.688374736292394,0.272530527365404,-3.24350153766643,-11.2916968678365
0.695556519742039,0.258174132236478,-3.15335148411397,-11.7617454807215
0.630861037298992,0.247253071701751,-4.00132588581839,-12.137166086439
0.682631316150071,0.267661508513235,-3.31627584124132,-11.4482815745599
0.61113200708649,0.311810022784653,-4.27729940375665,-10.1221985802425
0.585338082768029,0.356459884389682,-4.65186438537498,-8.95978676187981
0.674492992589411,0.386034874106162,-3.42045115840521,-8.26746919424759
0.719987489451632,0.422545072415067,-2.85350099663369,-7.48253917063575
0.721730849896553,0.459960873787621,-2.83249461363735,-6.74558219336121
0.771808592365188,0.452268552441879,-2.24980781676909,-6.89207217945144
0.752817256935397,0.401899002700329,-2.46620868146942,-7.91766142989313
0.756250716505585,0.426254169937386,-2.4266840173872,-7.40662718769855
0.736121997324887,0.476329314347774,-2.66100408351219,-6.44185380467384
0.728816478544972,0.406251247130489,-2.7476363304639,-7.82410585584006
0.681147393077214,0.390195941045314,-3.33517802389273,-8.17434505202278
0.664609966543747,0.371650905143325,-3.54866300587988,-8.59729610300174
0.708972901771211,0.303039085011492,-2.98740728043284,-10.3700270794512
0.667996412770269,0.292701220102292,-3.50451739474838,-10.6715093447927
0.614563173025778,0.308101062417817,-4.22866935770357,-10.2261360822558
0.623861957887231,0.250818983538936,-4.09822992301934,-12.0127919298565
0.605561459169044,0.250940759902265,-4.35683546417705,-12.0085758240927
0.599470585522377,0.270781539046994,-4.44464243507985,-11.3476189536018
0.605041661081129,0.271972592521843,-4.36429440596837,-11.309497177864
0.614956482016682,0.317253813582126,-4.22311232802753,-9.97186297440705
0.678429848692671,0.347499201158744,-3.36990105590694,-9.18092378882976
0.661340077722786,0.330610769549337,-3.59150315830663,-9.61366007036278
0.674563942983654,0.343085121202081,-3.41953753159155,-9.29196231739288
0.838471790537064,0.374936288788833,-1.53023088346387,-8.52085047361531
0.907427414923577,0.388670515091313,-0.843762081955982,-8.20836808209217
0.727978003787602,0.371955551994564,-2.75763485818947,-8.59017908821229
0.688183112610662,0.356200372890397,-3.24591977553945,-8.96611260457752
0.668156560430879,0.342638632751379,-3.50243526053111,-9.30327343191431
0.657501390684929,0.294582898170088,-3.64206648517011,-10.6158493892397
0.640927081084281,0.27856380338082,-3.86382755577407,-11.1015063306215
0.644474756651304,0.254148306448375,-3.81588177604076,-11.8982555986335
0.633582236574305,0.239047587998313,-3.96394014686565,-12.4303126799669
0.618957289917841,0.230454737793931,-4.16678635378023,-12.7482871804607
0.592011550144651,0.239537996622989,-4.5533964021918,-12.4125117397829
0.591270938310674,0.29587349836562,-4.56426933161879,-10.5778786642774
0.635910192056876,0.273177312857704,-3.93208428603024,-11.2711074255667
0.634913097726842,0.275371946746606,-3.94571427401713,-11.2016061032022
0.653156558678322,0.300336639549793,-3.69965415640719,-10.4478336568101
0.75041711487688,0.351932344757749,-2.49394538991926,-9.07081633966563
0.685535863986484,0.328892825105917,-3.27939640103414,-9.658912013527
0.632926929417784,0.306492123346839,-3.97292851631667,-10.2716136418973
0.610150899648457,0.357273130798847,-4.29125488076537,-8.93999288527556
0.586623851303895,0.389191079448867,-4.63280566382655,-8.19674245289034
0.587039696351573,0.426784625154337,-4.62665060456953,-7.39582468705552
0.625467616453833,0.401095506954661,-4.07590341915478,-7.93504405858331
0.60713088539152,0.421442283686662,-4.33435347089131,-7.50523786765072
0.583129713696575,0.493040620481794,-4.68469656599941,-6.14234597452176
0.583300453917219,0.44336925111809,-4.68215371214487,-7.06468859397497
0.554068880805167,0.355509191836425,-5.12872482477959,-8.98298331853068
0.605134095683844,0.293589610613954,-4.36296752967789,-10.6451863411183
0.549867658414339,0.282106390417419,-5.19483646961922,-10.9917415174749
0.539762607512188,0.26073347471229,-5.35594409672399,-11.6760641522717
0.640226961242048,0.293269879670979,-3.87332081589347,-10.6546507802397
0.654764700482032,0.343475803032622,-3.67829484418494,-9.28207704862743
0.666265051817,0.361394000285677,-3.5270593312481,-8.84038123386654
0.693125840161985,0.356346659038129,-3.1837582016594,-8.96254617234021
0.753604373591812,0.355098827370538,-2.45713179503399,-8.99301523700603
0.647989745455259,0.35431655228288,-3.76863733713857,-9.0121711730822
0.621230031773379,0.358306390202352,-4.13495115165133,-8.91490892711193
0.628263150676038,0.331656622462467,-4.03716824153581,-9.5862265272282
0.645569231062095,0.334696874469803,-3.80114354026705,-9.5069668646972
0.676169840619984,0.368398896821592,-3.39888408176946,-8.67363357954788
0.680094221977742,0.370592486638349,-3.34861829733733,-8.62206779557083
0.676723805800857,0.366692703065693,-3.39177091259161,-8.71395464233878
0.597466449379285,0.394336329405384,-4.4737295484683,-8.08266420829536
0.600641180151348,0.362390052188395,-4.4276979149551,-8.81647464920822
0.561027319704852,0.331285716895971,-5.02031979775818,-9.59594575908779
0.598439932780489,0.340069854487813,-4.45958869031904,-9.36863728841712
0.629708667593862,0.333303571182071,-4.01720657663688,-9.54320066130135
0.631057561083305,0.326330198838119,-3.9986205070122,-9.72685468839257
0.552791413387917,0.293867487165966,-5.1487742311724,-10.6369692125725
0.551516140777082,0.244145277175733,-5.16883545784505,-12.2470334485971
0.555214692682798,0.237883395126229,-5.11078099275593,-12.4727174355668
0.535234583688889,0.248765293372053,-5.42911665592567,-12.0842042118113
0.523731627573903,0.27063104681239,-5.61782397486039,-11.3524476517479
0.51114411520208,0.269130215756362,-5.82913269738783,-11.4007508087843
0.544403157403952,0.242311006395303,-5.28158729321178,-12.3125371726206
0.521833332031927,0.258117626777208,-5.6493636769964,-11.7636467320065
0.544079269966078,0.286258075512505,-5.28675641777056,-10.8648450554132
0.643286874048787,0.363899374956208,-3.83190620147622,-8.78037380739059
0.650771412077648,0.466605826633865,-3.73143067123788,-6.62099684710181
0.710920658111833,0.766306616256763,-2.96357731499572,-2.31194849496314
0.823431736085998,0.941364172040134,-1.68744797530067,-0.524846695930765
0.738524883453886,0.728153479001115,-2.63269734449079,-2.75554142313338
0.802232979614356,0.689537520308778,-1.91398976481067,-3.22884194524569
0.788132406327953,0.693562058170251,-2.06801629723821,-3.178293465712
0.72742711824031,0.567739094450971,-2.76421025252205,-4.9170239855024
0.701582652381904,0.534133401929706,-3.07842316102608,-5.44700525319267
0.882245287225499,0.587106158687413,-1.08821305748798,-4.62566727781786
0.845645843044079,0.508975995371627,-1.45622963318439,-5.86605399269411
0.748135364974624,0.461533681744567,-2.52039630627412,-6.71593199191455
0.71126603890394,0.470154262716513,-2.95935854469134,-6.55519243897176
0.696297695230494,0.387972490472294,-3.14410084703658,-8.22398134686003
0.644013831601715,0.308192106573543,-3.82209610237538,-10.2235697727967
0.597359225458869,0.252897407494777,-4.47528849578824,-11.9411124535614
0.579276054716048,0.187305476187673,-4.74228846746477,-14.5489905023275
0.591493363719822,0.163686251843787,-4.56100247181246,-15.7197559168457
0.552728815250562,0.173096827442811,-5.14975787760257,-15.2342178379522
0.586087911042476,0.204678115700868,-4.64074473024822,-13.7785717973052
0.622329741707309,0.221091820343794,-4.1195888637844,-13.1085464912811
0.637038418927841,0.239684206797576,-3.91668750320749,-12.4072116285995
0.565412518492663,0.2480003041189,-4.95269160521796,-12.1109557320983
0.522866000466246,0.301688818425092,-5.63219194787666,-10.4088157180297
0.622910832864576,0.303286289632074,-4.11148232737511,-10.3629444394655
0.614665884885426,0.261175084903808,-4.22721780744325,-11.6613651088039
0.554303299892598,0.268689568580604,-5.12505071893625,-11.4149838798087
0.648849581828892,0.309720201724432,-3.75711941847984,-10.1806093309456
0.72413423432777,0.323958741105944,-2.80361840467151,-9.79020594716447
0.717941592157994,0.359736335130478,-2.87821772337917,-8.880313881956
0.718349801042448,0.396326046163442,-2.87328048371889,-8.03894770631382
0.713816274646379,0.426215635279826,-2.9282710915034,-7.40741245371263
0.636933539303237,0.381671282176652,-3.91811763334617,-8.3662103227058
0.639962873154478,0.359737541619564,-3.87690440944227,-8.88028475113864
0.668003383988261,0.394635491098423,-3.50442674918053,-8.07607719084639
0.738561167196197,0.380668570720311,-2.63227061704144,-8.38905957042139
0.739966875377206,0.370843971582436,-2.61575442059347,-8.61617552920188
0.67138779855884,0.38673981766019,-3.46053111301772,-8.25162223736601
0.630884518372755,0.363921186113961,-4.00100259715786,-8.77985321393854
0.703788193757481,0.38222245484784,-3.05116045700672,-8.3536760510075
0.635623135929121,0.399880385535823,-3.93600606744657,-7.96139795696311
0.782636208471757,0.44118059386048,-2.12880126886224,-7.10767198105878
0.906929573678039,0.490910064637917,-0.848528722977246,-6.17996127807178
0.668981491049968,0.398926921402694,-3.49171795693243,-7.98213309069377
0.583931809181892,0.417404708516723,-4.67275732573654,-7.58885312403626
0.567841037924179,0.427124208240405,-4.9154644834739,-7.38891626487113
0.537448193849472,0.389472266818065,-5.39326784535022,-8.19046923462638
0.580832026890521,0.33892366007587,-4.71898889580295,-9.39796224486813
0.581549651805932,0.286874501912313,-4.70826399928581,-10.8461610232916
0.53531697131885,0.257442852174183,-5.42777975653124,-11.7863832345834
0.535304980077342,0.286463500102596,-5.42797432493184,-10.8586141206241
0.595777643791484,0.297982750357057,-4.4983159492459,-10.5161775132113
0.557759135090751,0.319828735711316,-5.07106616047851,-9.90165037400922
0.59498378419255,0.379720038311567,-4.50989740918237,-8.41072967961573
0.565793357834641,0.394753266609779,-4.94684310550899,-8.07348534977617
0.581036983219002,0.416678742147536,-4.71592447450798,-7.60397311077375
0.66637228103017,0.453732864763018,-3.52566152992493,-6.8639952558388
0.687989371759651,0.462364229230577,-3.24836541615572,-6.70031544887391
0.67516561459597,0.445256462427683,-3.41179367869933,-7.02779536985744
0.618525164574744,0.409946641793682,-4.1728525297957,-7.74545333792726
0.633251060494413,0.418371925254807,-3.9684814846295,-7.56874932774888
0.656789011645797,0.391183304949434,-3.65148243511444,-8.15239376905144
0.589703947458158,0.334855041654659,-4.58731930119959,-9.50286315681588
0.488158385292235,0.305281375160067,-6.2287849247705,-10.3059938132697
0.448162497627858,0.262336525286703,-6.97128976345842,-11.6228247618777
0.483072464655963,0.19931233874139,-6.31975433570883,-14.0093162957917
0.428571219929143,0.199467999894025,-7.35953993446195,-14.0025353413143
0.48703044988088,0.213694284189211,-6.24887770376344,-13.4041418803764
0.512795742730787,0.23862183437452,-5.80111178040109,-12.4457964006965
0.493418726835089,0.261616903714785,-6.13568743309085,-11.6466839720255
0.479716868208664,0.301899520119273,-6.38030020474321,-10.4027515460778
0.456807397078359,0.32961975553999,-6.80533744356713,-9.63973534090077
0.525854431702495,0.33614833894748,-5.58268923319244,-9.46938060876976
0.559708439338507,0.333308211278815,-5.04076289418585,-9.54307974124175
0.750327602811514,0.395985272172845,-2.49498153139329,-8.04641932861144
0.697680800851381,0.402241452108139,-3.12686456002518,-7.91026352340831
0.561528150336102,0.385841489707771,-5.01256933910356,-8.27182148602911
0.534769904631423,0.402043246530658,-5.43666083225026,-7.91454457415916
0.655358043385527,0.425733333287867,-3.67042731978118,-7.41724689797271
0.650672995589149,0.479082021898461,-3.73274434203973,-6.39180252467761
0.555365851689282,0.514101650963205,-5.10841655289088,-5.77902002913438
0.609513213043784,0.490517118340479,-4.30033750592245,-6.18691663536126
0.614459922194331,0.483065575255311,-4.23012876938198,-6.31987821153458
0.650868879588894,0.57919722322579,-3.7301298632451,-4.74347057781376
0.590711422906529,0.499023751210275,-4.57249261747087,-6.03757566973326
0.568874023438938,0.431925117593812,-4.89967794038363,-7.29183079678987
0.59023013390637,0.442150559086902,-4.57957243161871,-7.08859642990775
0.518448553587466,0.444951818104279,-5.70588665634161,-7.03374028664403
0.461453087692581,0.37857296267768,-6.71744887398913,-8.43700812330213
0.4884646254719,0.33721342545314,-6.22333764683178,-9.4419028633808
0.526423534956099,0.508031007905548,-5.57329405683781,-5.88219559088471
0.573130860786586,0.655406020137966,-4.83492411810813,-3.66979147571335
0.585516899891631,0.511831218991234,-4.64921130564081,-5.81746455959313
0.539751487131333,0.395084781802972,-5.35612304834922,-8.06619397009069
0.495100264813995,0.401419093650243,-6.10613682755226,-7.92803947953548
0.489159437528106,0.481786905225649,-6.21099126117302,-6.34290016253295
0.540023459478385,0.600989123802221,-5.35174746647732,-4.42266774847833
0.733443533516431,1.00322635728455,-2.69266632151816,0.0279786729399547
0.989521679686391,1.5946762777065,-0.0914937256645595,4.0534506748249
0.816519014356233,1.23342280763232,-1.76067394704993,1.8222394969716
0.600707736066818,0.663609583999731,-4.42673550123945,-3.56174700846464
0.558668077550667,0.630859934393902,-5.0569228727672,-4.00134107096963
0.512466828183725,0.577625523132847,-5.80668482214706,-4.76707250299064
0.53135224893582,0.499255229094955,-5.49234953880399,-6.03354755447553
0.514757478901686,0.50163738480259,-5.76794669615539,-5.99220209871195
0.522293056358202,0.481823068730807,-5.64171495733106,-6.34224821366698
0.684429046993843,0.536994127621646,-3.29343134785982,-5.40060927131464
0.762228890955972,0.564669911872668,-2.35829188154827,-4.96410705580967
0.619349353108294,0.523563655625193,-4.16128623353716,-5.62061017249672
0.498988439657309,0.504351193136292,-6.03819031603707,-5.94533894860744
0.46064803872579,0.431729737111665,-6.73261547135053,-7.29576073089508
0.446424212405317,0.399576206743596,-7.00504517796592,-7.9680076054982
0.445688984681995,0.41888616040976,-7.01936198962236,-7.55807976135817
0.454670862827942,0.389166318334838,-6.8460575254645,-8.19729508412236
0.428631244736974,0.386851501797533,-7.35832349172243,-8.24911425654043
0.437332218769576,0.418568996459824,-7.18377053001077,-7.56465886275944
0.447355988762046,0.416135340837645,-6.98693488748655,-7.61530799228727
0.419996843059822,0.400826418842306,-7.53507947998732,-7.94087322887875
0.429116047702252,0.442525983195729,-7.34850487605758,-7.08122448679264
0.432684794571119,0.43058734881055,-7.27656733059401,-7.31877468869384
0.4524555494233,0.359299739475785,-6.88848161485157,-8.89086195394597
0.546190202801302,0.370438777654922,-5.25312188427331,-8.62567115038164
0.560212566908447,0.397651721916003,-5.03294306277391,-8.00994265240511
0.466752889571293,0.400090891045367,-6.61825969485211,-7.95682672367053
0.468765630868637,0.383218063968614,-6.58088475171365,-8.33108055048216
0.436787412096613,0.345904102302881,-7.19459772363756,-9.22088574745839
0.406031960441529,0.313592771557892,-7.82879559953515,-10.0726791307661
0.355802920274686,0.316869132786734,-8.97580983476772,-9.98240129466077
0.345924306619508,0.313428821051675,-9.22037841800436,-10.0772214178335
0.382515722096627,0.330685640099522,-8.34701419690087,-9.61169327505182
0.397404521044578,0.37206771503215,-8.01534392954954,-8.58756025674156
0.417124135602764,0.365875475376354,-7.59469360630376,-8.73333400571346
0.423263995034756,0.377348184380581,-7.467773464575,-8.46515470570776
0.401942950211743,0.441616869557145,-7.91671168291113,-7.09908690233228
0.409087945561341,0.45428984265905,-7.76366635006297,-6.8533394669406
0.458726152026914,0.531046782955778,-6.76892999974876,-5.49734435484635
0.462873041735642,0.540730229246554,-6.69076224592876,-5.34038701470184
0.458602121540768,0.494005197259948,-6.77127881020632,-6.12536963976823
0.569359014560984,0.568487687495371,-4.89227597703196,-4.90557873951525
0.654291967230166,0.671795278599752,-3.68456823040836,-3.45526105440271
0.523709651843543,0.582544926288378,-5.61818844162794,-4.69341151808161
0.430906583801202,0.491364330746195,-7.31233740592407,-6.17192746270889
0.407610361014856,0.457310144844193,-7.79509570457869,-6.79578328482969
0.402783671411605,0.391325134740509,-7.89856287555489,-8.1492451309955
0.38281351539845,0.340085357645053,-8.34025475336101,-9.36824132375948
0.382315271951232,0.320744851704862,-8.351567066474,-9.87680611568505
0.349922956899706,0.291921949690308,-9.12055128879223,-10.6946649812955
0.320581096307487,0.309526802509244,-9.88124180503947,-10.1860347727559
0.301288634913509,0.277954261551466,-10.4203450059249,-11.1205332607798
0.343997548263993,0.288974004343974,-9.26889305433761,-10.7828244789698
0.345323745534268,0.322546048241083,-9.23547114370119,-9.82816549223973
0.339016356473671,0.312120348966559,-9.39558695895343,-10.1135583238545
0.371164288659458,0.340637169389463,-8.60867631631679,-9.35415929540745
0.377526009564443,0.395563618092791,-8.4610624477849,-8.05567318821821
0.390817203595443,0.447351789326304,-8.16052654174067,-6.98701642435545
0.402227857767559,0.458354561270698,-7.91055708076479,-6.77596884906453
0.411237658361927,0.509496140819566,-7.71814244883889,-5.85718202420565
0.44265404108098,0.625564642879969,-7.07871133322879,-4.07455611443935
0.456160017918453,0.621972871283085,-6.81765565950126,-4.12457115213216
0.49099010365533,0.593223113779421,-6.17854522765041,-4.53563871756304
0.532393313322547,0.760404305709008,-5.47534815505757,-2.37910865306065
0.823736606586867,1.46181930396572,-1.68423267363892,3.29787385270263
1.49187298903728,2.62491156180785,3.47463701892307,8.38229351586158
1.13307446835442,1.93654042876717,1.08516907339517,5.74053136191543
0.50347437115679,0.635390785310406,-5.96045263720115,-3.93918175548625
0.446191283942277,0.526382172999012,-7.00957835261444,-5.57397654818819
0.456873911632088,0.521455546400093,-6.80407280551769,-5.6556541771948
0.428466801790891,0.486236911520061,-7.36165644366356,-6.26304151614703
0.408895335429796,0.453004714005784,-7.76775687468754,-6.87794557316289
0.383752346184341,0.398930347727799,-8.31897912635778,-7.98205848917573
0.392355983721865,0.358404706195302,-8.12639439377905,-8.91252592544202
0.580782874033391,0.443480809779448,-4.71972396952204,-7.06250336274241
0.615984480126706,0.47902755111629,-4.20860459697906,-6.39279015117937
0.390863286395817,0.419965991829241,-8.15950241455866,-7.5357175329416
0.323437150671951,0.396609906093664,-9.80420195172282,-8.03272885313941
0.343202327074781,0.43204527362318,-9.28899552180988,-7.28941482969708
0.355196122648416,0.423219709286286,-8.99063567327348,-7.46868230929849
0.337025104042716,0.445877820127606,-9.44675497122813,-7.01568261561244
0.346426409663992,0.418628114224772,-9.20778014290094,-7.56343217342598
0.361701943843596,0.400582871990656,-8.83298314529407,-7.94615248172608
0.372412268554289,0.325819881491682,-8.57952040571166,-9.74044837239252
0.363668469759171,0.317376380050876,-8.78588701730007,-9.96850795334185
0.368268614826165,0.403327592236673,-8.67670583406709,-7.88684132497391
0.378073947002046,0.482812387312481,-8.44846497499661,-6.3244319184514
0.396167212852213,0.438156172776078,-8.04242939808839,-7.1674213111075
0.354639550988821,0.411833105428348,-9.0042566314224,-7.70557490632841
0.333346453279366,0.479227794506612,-9.54208322591127,-6.38916002895287
0.441569400974308,0.523118768382021,-7.10002058277082,-5.62799396272699
0.458972285068214,0.404808733674297,-6.7642707687904,-7.85500252486528
0.401398724331939,0.358981740776021,-7.92848024117993,-8.89855281572536
0.391057885418986,0.433399976546508,-8.15517904863703,-7.26222233036197
0.382741770837559,0.501851361058063,-8.34188276207848,-5.98849787347567
0.325625822872013,0.441181666975291,-9.74562323744214,-7.10765085377982
0.362333273903111,0.413074751317006,-8.8178356373345,-7.67942699849854
0.403598290967285,0.463479537290608,-7.88101362893292,-6.67938870559783
0.368550209304981,0.429502186902621,-8.67006675644132,-7.34069241046979
0.348052385724897,0.386185123560766,-9.16710770043379,-8.26408919838816
0.365458247238633,0.452882693335786,-8.74324466028673,-6.88028550651661
0.422346716169521,0.564934778667591,-7.48661756389929,-4.96003376572702
0.462488804044731,0.552783267311119,-6.69797552446422,-5.14890222962475
0.414100192636295,0.490778061497909,-7.65789134934097,-6.18229718228081
0.379680553765524,0.516851306198041,-8.4116329141226,-5.73268763660897
0.373407447603099,0.477461723065287,-8.55634048613874,-6.4212287801531
0.48755133200445,0.524520873718977,-6.23959305437913,-5.60474448074936
0.633612786585589,0.610905549962385,-3.96352134151739,-4.28051858732249
0.517784428800092,0.53836732980359,-5.71702028265325,-5.37842605281832
0.332434326780439,0.442894858683782,-9.56588275662664,-7.07398722330564
0.302426479599441,0.424896265224637,-10.387603718413,-7.43434172556015
0.296394986016923,0.387267550454609,-10.5625829479703,-8.23977782939305
0.312520526208383,0.36788003653336,-10.1024290623161,-8.68587558116718
0.331712714250443,0.337328367526692,-9.58475764088041,-9.43894270824825
0.287163554093262,0.295222862618175,-10.837413604791,-10.5970002591723
0.263424746681401,0.301259601716862,-11.5868685781948,-10.4211820480961
0.289132643098899,0.302506909477058,-10.7780574735797,-10.38529402595
0.274749796246996,0.288172361895806,-11.2212524194971,-10.8069534788875
0.245371157711645,0.266744753416519,-12.2035297598771,-11.4780822785319
0.253194178655609,0.266710147752277,-11.9309256734735,-11.47920920034
0.2663979648212,0.253622969407634,-11.4893819466638,-11.9162283411012
0.256702397342076,0.246118178641023,-11.8114015087236,-12.1771261500062
0.272690164571987,0.260933775233967,-11.2866105194325,-11.6693940447983
0.313161320564949,0.287780463977086,-10.0846376846806,-10.8187738309852
0.307092047915038,0.356029010137184,-10.2546285875393,-8.97029226362185
0.265309689613344,0.343695611523348,-11.5249377693876,-9.27652026230999
0.254567265505795,0.317937350113226,-11.8839488497979,-9.95316899532225
0.269898339374391,0.346108814895674,-11.3759957510895,-9.21574679413484
0.289458003824028,0.443322500899199,-10.7682887444655,-7.06560450920998
0.272493980333572,0.462083553091659,-11.2928617456762,-6.70558978040071
0.269406700584337,0.406064192310994,-11.3918321373227,-7.82810611846767
0.291082996214662,0.402099197427918,-10.7196632677837,-7.91333587457319
0.292794544160103,0.469097667814224,-10.6687404008547,-6.57473452408524
0.311815714401026,0.487103679186896,-10.1220400340225,-6.24757180213749
0.31364425447687,0.501367214769228,-10.0712532743994,-5.99688137366453
0.331357248031311,0.548767935994403,-9.59407050625165,-5.21222543974
0.315078635810717,0.538843737022919,-10.0316208710851,-5.37074321158675
0.318638043382036,0.513819136649055,-9.93404746809018,-5.78379449861732
0.361486009451175,0.47270666542623,-8.83817012980846,-6.50816547721559
0.597853003130197,0.604316594462687,-4.46811169739158,-4.37470959824702
0.605556724427293,0.647884745581447,-4.35690337735823,-3.770044907585
0.384762623522971,0.568007899148048,-8.2961424533769,-4.9129124923798
0.31181223761909,0.49139309828272,-10.1221368832548,-6.17141895137108
0.284708899487241,0.474063489442088,-10.9119791475566,-6.48326982188132
0.291496746942079,0.438968002648749,-10.7073257507228,-7.15134270584261
0.242243111139983,0.392534961357445,-12.3149712895837,-8.12243313004676
0.235306310018208,0.340753695170067,-12.5673285309084,-9.35118851862479
0.224448344095097,0.295152847012452,-12.9776718866023,-10.5990604652993
0.236391897379706,0.313880482913215,-12.5273482701633,-10.0647137577807
0.241589695070134,0.373087958677004,-12.3384318869141,-8.56377534963216
0.240425066080435,0.349772514681113,-12.3804051183344,-9.12428641237331
0.236573219473435,0.360534632143061,-12.5206883973054,-8.86106023186059
0.222609479148678,0.329726723824488,-13.0491269299172,-9.63691705112095
0.2579021759621,0.349850041710669,-11.7708998726855,-9.12236139946657
0.261342859468929,0.383716254368224,-11.6557872279962,-8.31979607061227
0.259257500918324,0.364848665246063,-11.7253733922934,-8.75774476442636
0.25590652313075,0.354538571580512,-11.8383728736136,-9.00673018771045
0.277056267653001,0.376580372961082,-11.1486404129638,-8.48284637554394
0.267388446548348,0.406353336342,-11.4571472375689,-7.82192340290508
0.230039901754183,0.382585957554535,-12.7639365310694,-8.34541948745503
0.200565150921236,0.323172777197567,-13.9548905068102,-9.81130459228158
0.205869559491392,0.300503855240681,-13.7281572951529,-10.4429990390143
0.204848148267519,0.339995654951356,-13.7713591502854,-9.3705326616671
0.209611783045508,0.37839698836883,-13.5716861543951,-8.44104657542622
0.237838027656675,0.390139634827734,-12.474374106114,-8.1755985373381
0.229990612664898,0.362641672430187,-12.7657977971294,-8.8104458213254
0.211657583344396,0.346020898108319,-13.4873233370311,-9.21795341957528
0.224291574155007,0.391921317701716,-12.9837408205135,-8.13602226764494
0.249468997433931,0.43916861930642,-12.0596683659391,-7.14737399725026
0.256943445934931,0.42758535127995,-11.8032491147889,-7.37954363555422
0.260700789626566,0.447580940570527,-11.6771530682375,-6.98256830798925
0.389523364726443,0.564257314678834,-8.18932973967783,-4.97045604583471
0.530621287602118,0.698730753074538,-5.50430661731572,-3.11380283645445
0.462110863949182,0.820945980572114,-6.70507642717099,-1.7137083828558
0.420125875676406,0.839885130949608,-7.53241138626439,-1.51560214557267
0.284955124986448,0.565020695332913,-10.9044705545843,-4.95871289478712
0.222337270708148,0.47158023322561,-13.059754596121,-6.52888814197817
0.208774148877847,0.420096243752482,-13.6064655630848,-7.53302403288515
0.200032460137136,0.475591414732422,-13.9779904752637,-6.45531987534733
0.208271721544041,0.526620045144755,-13.6273938627917,-5.57005228059324
0.204244821468037,0.389833952664419,-13.7969789197902,-8.18240677216399
0.195641249359775,0.326037965221957,-14.1707914489795,-9.73463651849447
0.194350553004284,0.394031451229915,-14.2282843858236,-8.08938223605408
0.170168285626292,0.365821271046971,-15.3824275290821,-8.73462091268984
0.180958461105664,0.301006680045781,-14.8484221139958,-10.4284773256759
0.186194081373804,0.303122524692827,-14.6006825645748,-10.3676358100059
0.164937947798229,0.301077473033368,-15.6535882669322,-10.4264347537962
0.184503384002491,0.317247373034689,-14.6799132795151,-9.97203930783378
0.222762304862203,0.313792494543973,-13.0431659445953,-10.067148966232
0.189990769206574,0.276360594912652,-14.4253499788417,-11.1704776219047
0.155745923517298,0.297824397274333,-16.151666234257,-10.5207945690431
0.156180016149259,0.30917000551274,-16.1274907320077,-10.1960529258745
0.149166805832964,0.285250201176429,-16.5265561977846,-10.8954808123557
0.146126973535857,0.259147256885544,-16.7053922074565,-11.7290676775098
0.153654389106768,0.261458873798914,-16.2691005939152,-11.6519322764186
0.148852285433224,0.260511477654467,-16.5448898587841,-11.6834627546066
0.140609489604074,0.305002982327662,-17.0397073639042,-10.3139182817781
0.157882068301561,0.361089362903863,-16.0333438570745,-8.84770609965502
0.191595418140579,0.3634320564643,-14.3522976191428,-8.7915353693134
0.183868895043864,0.319393987552089,-14.709834676073,-9.91346527037072
0.192948876340517,0.346167970911742,-14.2911549249596,-9.21426235138367
0.214965145465178,0.398882559325076,-13.3526390211527,-7.9830990458999
0.220496830345132,0.375606726072699,-13.1319529831984,-8.50533278657948
0.28252540369226,0.387190709453318,-10.9788499170789,-8.24150144057685
0.473563999501981,0.488561867197096,-6.49242640492159,-6.22160866424554
0.408937682834037,0.469687980413395,-7.76685736373161,-6.56381107042184
0.23128739677687,0.368016872767304,-12.7169606398221,-8.68264538839098
0.195762392629751,0.389699760740852,-14.1654147125667,-8.18539721691292
0.189853977434209,0.417123137742906,-14.4316059994924,-7.59471438503659
0.180662598133898,0.38622643556498,-14.8626349681894,-8.26316007839912
0.164830227495784,0.369769214163629,-15.6592628393269,-8.64138499362985
0.147613444121364,0.361347341167532,-16.6174817334804,-8.84150273039133
0.158090918867736,0.38911195659023,-16.0218615259482,-8.19850848074456
0.188169483403505,0.347641264254212,-14.5090161478332,-9.17737358725913
0.184287951977377,0.379572614511463,-14.6900611264135,-8.41410257376678
0.209337071578123,0.331442222878146,-13.5830771096568,-9.59184334048566
0.230780108628007,0.358282464000164,-12.7360325312427,-8.91548895386094
0.247785584316259,0.433818119413691,-12.1184792726789,-7.25384625265864
0.240310361123202,0.418829061347172,-12.3845500785848,-7.55926382998666
0.203093684078638,0.309294709241345,-13.8460716463742,-10.1925501784648
0.170916372918975,0.309302906498792,-15.3443266416918,-10.1923199788271
0.1665231134862,0.341337391416206,-15.5705095539234,-9.33632269641015
0.151358081379624,0.284760480105151,-16.3998877207911,-10.9104056703095
0.140951581043218,0.259303410333356,-17.0186009663344,-11.7238354278819
0.142497295260124,0.237037497544333,-16.9238675783377,-12.5036589288747
0.136552166261766,0.229805262824002,-17.2940281165532,-12.7728005930895
0.133286596145749,0.257260516504745,-17.5042704569787,-11.792537255188
0.140013893691451,0.290675222650417,-17.0765773358433,-10.7318397240555
0.119773616418443,0.267761713409877,-18.4327767450767,-11.4450304317333
0.121762933766377,0.240921172382287,-18.2896979303926,-12.3625006422291
0.119966423206087,0.267032792371577,-18.4188057885137,-11.4687080557394
0.127141018499518,0.27895250067021,-17.9142862770276,-11.0893948200494
0.127479409838288,0.31038411585438,-17.8911991149118,-10.1620102439796
0.125649333902558,0.32659490757301,-18.0167961873032,-9.71981182555612
0.143122400948354,0.314514407316524,-16.8858477375398,-10.0471891109083
0.165799270436741,0.292413093501903,-15.6083476959796,-10.6800636939066
0.264360766219016,0.335198653490603,-11.5560599609521,-9.49395469240894
0.293495215727542,0.383251808924473,-10.6479794760659,-8.3303157325213
0.174679578065783,0.300491052629166,-15.155157315541,-10.4433690989574
0.1315486788214,0.285977124476235,-17.6182701858426,-10.8733741004313
0.120833787756317,0.289874668618965,-18.356232210925,-10.755794696672
0.106882798652023,0.291207400658605,-19.4218436603913,-10.7159518437491
0.0959002477882025,0.262082915255306,-20.3636054138526,-11.6312257811582
0.102399845292239,0.240462155718211,-19.7940139900119,-12.3790652761157
0.10130142235498,0.252479115566328,-19.8876891349301,-11.9554907960085
0.100530975097553,0.280872682848763,-19.9540020999343,-11.0298099482536
0.102339756923817,0.290378322845923,-19.7991123778761,-10.7407161492312
0.110343993689444,0.329500550831366,-19.1450260327423,-9.64287710104601
0.110682846053151,0.316146756438873,-19.1183936423587,-10.0022253909122
0.116434198480637,0.284101002972384,-18.6783888421664,-10.9305446613665
0.140377130116092,0.347443034113216,-17.0540728118463,-9.18232782138112
0.137893888101371,0.343623449242935,-17.2090996543906,-9.27834414190763
0.128036437520183,0.323508673332556,-17.8533283629808,-9.80228142633688
0.103515975567455,0.272833240572351,-19.699852411796,-11.2820543725622
0.0759608279735246,0.188663322886306,-22.3882062019302,-14.4862504139029
0.0489470102040663,0.0900273542719516,-26.2054766151255,-20.9125102546851
0.0298977621298594,0.0447753234700253,-30.487226354599,-26.9792253599462
0.0222057686060428,0.0331184606864675,-33.0706838007756,-29.5985971399828
0.0166149351172242,0.0242452470374194,-35.5900270067984,-32.3074677290582
0.0141584858949355,0.0179294409219198,-36.9796637502037,-34.928665049036
0.0107855774687003,0.0149758612713772,-39.3431319490941,-36.4921638333299
0.00925983306025953,0.012302217772645,-40.6679368574232,-38.2003317881233
0.0089837117319369,0.0112713410841687,-40.9308838420506,-38.9604881550249
0.00912516613669644,0.0140178406011548,-40.7951843969504,-37.0663776549657
0.00950861429519723,0.0181664957825707,-40.4376553769156,-34.8145767527528
0.00901413612604846,0.0168099645685274,-40.9015177552425,-35.4886640390146
0.00821226310103698,0.0171753509241268,-41.7107429066861,-35.3018876147949
0.00728486849547251,0.0151041088719959,-42.7515656718568,-36.4180978518938
0.0065328161289466,0.0127493954496726,-43.6979913037,-37.890208162006
0.00505440907353735,0.00959087312829543,-45.9265922360923,-40.362837079653
0.00369702590340204,0.00692925803745464,-48.6429501301924,-43.1862653149509
0.00302339157239912,0.00552620840648267,-50.3901120367991,-45.1514548166249
0.00251069294473803,0.0045121183191816,-52.0041279564944,-46.9123904114609
0.00212798455487398,0.00388402504285392,-53.440630570372,-48.2143595714794
0.00205978634962164,0.00344732049288378,-53.7235564857467,-49.2503667784866
0.00199689619851114,0.00313650497991394,-53.9928901956804,-50.0710803716997
0.00192924475465823,0.00284610678737456,-54.2922534372251,-50.9149761799226
0.00179383421758107,0.00252906333057121,-54.924353920561,-51.9408059060084
0.00174054183181518,0.00247257909359926,-55.1863106902461,-52.1369961433371
0.00173408276326515,0.00226058157764317,-55.2186035723565,-52.9155963191011
0.00159673724766979,0.00211171191976373,-55.9353308729158,-53.5073065730529
0.00160785034056336,0.00205936810675612,-55.8750875606611,-53.7253203484145
0.00170527548316944,0.00203887460918089,-55.3641090354123,-53.8121896503551
0.00185613069590761,0.00195701912491176,-54.6278289404348,-54.1680986038246
0.00177321646690202,0.00191830022189461,-55.0247648859215,-54.3416684593783
0.00157537115133388,0.00184810215286861,-56.0523422344779,-54.6654805410951
0.00159059611931625,0.0015453793572456,-55.9688016291854,-56.2192978647809
0.00172615872384767,0.00156985397810604,-55.2583854502629,-56.0828148429246
0.00194291643625096,0.00162477600185849,-54.2309175552253,-55.7841300827765
0.00200456574642479,0.0016282212650071,-53.9595939008535,-55.7657315510736
0.00159123637106742,0.00142381198053951,-55.965306061054,-56.9309471410256
0.00144520872427499,0.00128776102817375,-56.8013885079113,-57.8032944440981
0.00152302277207446,0.00132915869354106,-56.3458720618104,-57.5284632763338
0.00174187157230209,0.00127915876666677,-55.1796773711438,-57.8615109680024
0.00136394247439855,0.00110659623409433,-57.3040789217156,-59.120216241715
0.00108241664556392,0.000984175434908509,-59.3121107542809,-60.1385495837795
0.000961855098821367,0.000997643780208849,-60.3378069692682,-60.0204900140481
0.000895600968191826,0.000964807041441792,-60.9577089119508,-60.3111907117038
0.000766958015969997,0.000746111196972781,-62.3045681820792,-62.543928849129
0.000632011911761208,0.000674366501498205,-63.9854947266494,-63.4220802200924
0.000662317567381693,0.000654786789164647,-63.578674510545,-63.6780018280478
0.000694337697832366,0.000742351387112389,-63.1685850971122,-62.5878095127261
0.000679689478035531,0.000697520069723215,-63.3537890628311,-63.1288658386601
0.000612483334490527,0.000631571410889188,-64.2581144768121,-63.9915507453484
0.000582906731593695,0.000562826889551155,-64.6880185855955,-64.9925032387927
0.000638946925976265,0.000585634930296373,-63.8907042988954,-64.6474605521577
0.00066286009449287,0.000697114496170675,-63.5715625118867,-63.1339177243697
0.000660864420401796,0.000609817599821941,-63.5977525806611,-64.2960009140978
0.000584612417830921,0.000526904605021257,-64.6626392794632,-65.5653601155975
0.000648396663008457,0.000617200785116957,-63.7631845785291,-64.1914706031906
0.000715061189613008,0.000731374757270128,-62.9131358584055,-62.7172006603115
0.000661646040483688,0.000664928492457363,-63.5874856424985,-63.5445011390806
0.000613599196994151,0.000514082294297349,-64.2423043482362,-65.7793470715166
0.000586900579081551,0.000591628829998673,-64.6287092395531,-64.5590134208773
0.00072145965227105,0.000714917836207747,-62.8357590373838,-62.9148773550835
0.000715958901503356,0.000717059039871823,-62.9022381393901,-62.8889016945955
0.000637429724070121,0.000624915141275971,-63.9113537749286,-64.0835790508048
0.000580790825212653,0.000584618793473909,-64.7196050565928,-64.662544553748
0.000660845992261234,0.000680395024766613,-63.5979947892321,-63.3447774145435
0.000710914608211972,0.000644488808040391,-62.9636512318042,-63.8156924009208
0.000637797154901216,0.000680803102951638,-63.9063484479715,-63.339569469994
0.000639042039484682,0.000624022081903242,-63.8894114153713,-64.0960008384333
0.000669076253851201,0.000661478497854134,-63.4904876673761,-63.5896853701214
0.000720505141154394,0.000693715543294852,-62.8472583187342,-63.176371492983
0.000688089733646829,0.000690058014672464,-63.2470984362648,-63.2222879129948
0.000603920312076058,0.000633080567512681,-64.3804072642934,-63.9708203399492
0.000602769032636468,0.000546744504764157,-64.3969813547714,-65.2443114657643
0.000646837063766208,0.000665781687032917,-63.7841020595438,-63.5333630940686
0.000731575461816236,0.000658737283817341,-62.714817397333,-63.6257551053037
0.000662330979460553,0.00057392433881028,-63.5784986211182,-64.8229071486619
0.000605607292729341,0.000505019793331652,-64.3561780739562,-65.9338320033195
0.000617320414207866,0.000629501621358691,-64.189787221674,-64.0200629395187
0.000628502083063235,0.000684792119734148,-64.0338655716092,-63.2888249191784
0.000681084524250144,0.000571139971367552,-63.3359797547684,-64.8651488913675
0.000646485857073391,0.000532516673413917,-63.7888194315161,-65.4733357931537
0.000678961140322524,0.000596708496912985,-63.3631016285709,-64.4847555583133
0.000662367679721648,0.000703842524346075,-63.5780173427302,-63.0504899551618
0.000646258863868318,0.000651811342182884,-63.7918697444142,-63.717561732754
0.000655847636983779,0.000548091558834634,-63.6639408375714,-65.2229377290274
0.000627528013953022,0.000563264040598958,-64.0473376349099,-64.9857594744209
0.000644698185739403,0.000586496018983599,-63.8128710389134,-64.6346986288317
0.000621785085960217,0.000708610383818667,-64.1271939817478,-62.9918497580329
0.000671856276190766,0.000626492378306433,-63.4544724297891,-64.0616841623381
0.000613673816039188,0.000602613598572517,-64.2412481320821,-64.3992214453418
0.000665567966198327,0.000649303276131723,-63.5361517763566,-63.7510481168144
0.000597301645322285,0.000697519002992958,-64.4761257789442,-63.1288791221608
0.000612367562646841,0.000692854758847421,-64.2597564423163,-63.1871559150371
0.000645580964976691,0.000599649301291804,-63.8009856663225,-64.442053360412
0.000632820512370864,0.000691771645569364,-63.9743890394776,-63.2007448575672
0.000656066452970539,0.000707618408271503,-63.6610433741716,-63.0040175540607
0.000607194990598759,0.000686882456272609,-64.3334364011544,-63.2623515167368
0.000627021675964028,0.000592490195947024,-64.0543489094192,-64.5463766323094
0.000765375971656966,0.000620320322338377,-62.3225035242422,-64.1476798132687
0.000865908826929453,0.000616299599263823,-61.250556664178,-64.2041622932063
0.000700560065126584,0.000624005319663601,-63.091092458536,-64.0962341585727
0.000635167301588445,0.00065856317404058,-63.9422373496931,-63.6280511620699
0.000710117107647205,0.000620946163024047,-62.9734004900956,-64.1389210436548
0.000731212767405328,0.00063710412765641,-62.7191246834146,-63.9157916242234
0.000668396383969869,0.000650012226259902,-63.4993181661827,-63.7415694903037
0.000689305005896547,0.000655772235760559,-63.2317713508952,-63.6649394907906
0.000687620811199296,0.000669746137326746,-63.2530197527817,-63.4817956489831
0.000713278675583127,0.000603258295100718,-62.9348151919546,-64.3899339522725
0.000682452879713986,0.000704936662908229,-63.3185465864522,-63.0369980342186
0.000756514524372479,0.000677607811845856,-62.4236545902444,-63.3804319171245
0.000729041358767824,0.000666890887382202,-62.7449566661469,-63.5189043376867
0.000678586375579715,0.000659899617370189,-63.3678972843264,-63.6104424690983
0.000641473796661913,0.000678679482354138,-63.8564215853933,-63.3667056015566
0.000648401500132172,0.000714784731331116,-63.7631197809007,-62.9164946624847
0.000704197223276323,0.00066300759238719,-63.0461138346251,-63.5696299654496
0.000669264593705129,0.000727808185139315,-63.4880429998619,-62.7596612904436
0.000676691972648805,0.000699663291183563,-63.3921795072748,-63.1022182271918
0.000638496800739212,0.000698943359984543,-63.8968254895395,-63.1111603318054
0.000558168730798468,0.00066666398693331,-65.0646899360254,-63.5218600949861
0.000630507576357614,0.000709717029387628,-64.0061938090809,-62.9782954783349
0.000629229363297449,0.000654990824181441,-64.0238203802089,-63.6752956806309
0.000700960820278673,0.00062467456559686,-63.0861251189065,-64.0869235306972
0.000585455167689364,0.000699420026970177,-64.650127124406,-63.1052387279786
0.000605635710236923,0.000733373418111099,-64.3557705069625,-62.6934967109849
0.000633423182497068,0.000657438288776473,-63.9661209207563,-63.6429001298183
0.00063340400922645,0.000587492545944639,-63.9663838404563,-64.619952786253
0.00062606674892534,0.00064240260539024,-64.0675872289365,-63.8438541271806
0.000603215863776051,0.000764381417176488,-64.3905449124007,-62.3337975918331
0.000640750656628846,0.000651789464257701,-63.8662188017386,-63.7178532779
0.000606794385018399,0.000644841576105736,-64.3391689323537,-63.8109393840097
0.000651254755686108,0.00063479417905168,-63.7249818462647,-63.9473412860226
0.000592178623165324,0.000643717343171957,-64.5509454819572,-63.8260957971499
0.000586750319546216,0.000647406692578933,-64.6309333042211,-63.7764563076563
0.000555679329783083,0.000635464529270501,-65.1035151569002,-63.9381737227193
0.00058236008920187,0.000690181767126292,-64.6961679222975,-63.22073035731
0.000623050437575622,0.000659807022581066,-64.1095358926874,-63.6116613280422
0.000592392145590019,0.000690321098831823,-64.5478141667413,-63.2189770544357
0.000598693100123578,0.000653695173713588,-64.4559149404945,-63.6924944290982
0.000583857925526759,0.000680700821367872,-64.6738564024904,-63.3408745070701
0.000557048975237919,0.000672552914109356,-65.0821324074574,-63.4454708242307
0.000604774895533054,0.000699342458108444,-64.3681248976817,-63.1062020860615
0.000584374100290876,0.000674152866604701,-64.666180808554,-63.4248322890167
0.000623296148979808,0.000615972573605765,-64.1061111275534,-64.2087724903753
0.000581270534980458,0.000631926151711052,-64.7124338236771,-63.9866734273369
0.000598169323471215,0.000638304685247955,-64.4635172620281,-63.899439355494
0.000607679128494458,0.000613950038902024,-64.3265135957572,-64.2373393756126
0.000551556443445379,0.000566818120741838,-65.1682007497866,-64.9311254828038
0.000606685302950251,0.000589026642804564,-64.340730515654,-64.5973012159281
0.000650790401371744,0.000692603421362045,-63.7311772235551,-63.1903073485701
0.000670691325841814,0.000634412623866411,-63.4695462084604,-63.9525636758212
0.000580326004766859,0.000617346283265694,-64.7265593599068,-64.1894232436355
0.00059435202444496,0.000606895157630398,-64.5191250737689,-64.3377265539569
0.000626221569200831,0.000646422315467862,-64.065439557647,-63.7896731895559
0.000635230132808973,0.000663884477798725,-63.9413781775427,-63.5581497084042
0.000619573701368864,0.000590729156301518,-64.158140494589,-64.5722318674772
0.000577921916619758,0.000632286944026704,-64.7626167081273,-63.9817157151732
0.000631976541864882,0.000630614245537885,-63.985980837128,-64.0047244558214
0.000615907824195883,0.000690570159950689,-64.2096855761422,-63.2158438353624
0.000588572554542133,0.000635183036141792,-64.6039998630362,-63.9420221829161
0.000551481605209395,0.000596253294367821,-65.1693793794092,-64.4913841683678
0.000556681874613937,0.000660987369418379,-65.0878583790812,-63.5961367843964
0.000680809583354904,0.000734363055260953,-63.3394867914641,-62.681783599641
0.000794467180665702,0.000719794219645079,-61.9984807746747,-62.8558329059913
0.000868397250411217,0.000634207867294949,-61.2256312062668,-63.955367497784
0.000587565847612393,0.000657630698963848,-64.6188691121126,-63.6403584324925
0.000596996445974555,0.000685942376439854,-64.4805650858962,-63.2742473256704
0.000731056333852234,0.000692142001910655,-62.7209831164238,-63.1960959050984
0.000703903950441896,0.000607684061455959,-63.0497319489453,-64.3264430865308
0.000555860072310275,0.000620430584569859,-65.1006904083488,-64.1461360294663
0.000592344522754358,0.000700516227606737,-64.5485124597985,-63.091635994761
0.000702418842910788,0.000638701834378825,-63.0680769334282,-63.8940367305601
0.000624553174588454,0.000597849838664634,-64.0886115958457,-64.4681576723574
0.000543630945738832,0.000594824410285093,-65.2939165876839,-64.512224345887
0.000555751957871362,0.000620883639631081,-65.102379972805,-64.1397956744462
0.000667205869492334,0.000679819474834197,-63.5148028362277,-63.3521279662307
0.000655824252667206,0.000646703979162049,-63.6642505394025,-63.7858893367155
0.000584987774066031,0.000612614330634246,-64.6570642069425,-64.2562569627802
0.000599723288974007,0.000483449235639438,-64.4409817187083,-66.3129824415112
0.000610042190990728,0.000618518685337575,-64.2928025561513,-64.1729435175792
0.000650954281710095,0.000667343748835933,-63.7289902408713,-63.5130080662923
0.00060645488655174,0.000619351814332607,-64.3440300047809,-64.1612517168623
0.000548459576668984,0.000540721802811079,-65.2171075177212,-65.3405223717707
0.000654265094204568,0.000604041996091908,-63.684924983876,-64.3786573190694
0.000697743498020417,0.000710181544385586,-63.1260840365791,-62.9726123595178
0.0006526568821371,0.000634491781020961,-63.7063015615693,-63.9514799845569
0.000543626333665785,0.000564737923168128,-65.2939902776159,-64.9630609525529
0.000578472700326868,0.000585701044651121,-64.7543426349242,-64.6464800273523
0.000676826229134068,0.000661209129484836,-63.3904563874579,-63.5932231728674
0.000630020554667403,0.000627946205998581,-64.0129056257535,-64.0415511838114
0.000564520797553838,0.000547845917495205,-64.9664010713617,-65.226831406626
0.000499905629991787,0.000592487431139698,-66.0222394429599,-64.5464171644018
0.000640471700041674,0.000600022884378663,-63.8700011056543,-64.4366437133322
0.000637963215893545,0.000609917821840496,-63.9040872279278,-64.2945735268482
0.000587210861713094,0.000601772979025129,-64.6241183963617,-64.4113463393546
0.000547967956668475,0.000564011978703013,-65.2248967372083,-64.9742334441142
0.000620308006597215,0.00064955798459426,-64.147852263254,-63.7476414871909
0.000669684619883426,0.000635040650279661,-63.4825935009378,-63.9439694744096
0.000645077541737391,0.000690087154882837,-63.8077615545948,-63.2219211274465
0.000594710144003155,0.000540806618270277,-64.5138930730606,-65.3391600447059
0.000536574813332106,0.000559600526623435,-65.4073943368822,-65.0424377095676
0.000637681573927555,0.000607695976878735,-63.9079226389973,-64.3262727759383
0.00066520974885824,0.000681672197244604,-63.5408278936711,-63.3284883764335
0.000550641499009425,0.000617129494098108,-65.1826212234873,-64.1924739423017
0.000557039393420842,0.000543444685318108,-65.0822818150053,-65.2968930824704
0.000633951613971107,0.000607962665403921,-63.9588777630992,-64.3224617930618
0.000695904410420104,0.000619726450126787,-63.1490082215282,-64.1559993524956
0.000565964708475936,0.000623058097476914,-64.9442129801927,-64.1094291073547
0.000520367817781056,0.000614881660841946,-65.6737914056327,-64.2241691963169
0.000617809788942705,0.00061252068429761,-64.1829042952424,-64.2575848192805
0.000683074187695625,0.00065124891100839,-63.3106425132764,-63.7250597980232
0.000617685457555623,0.00060518892242805,-64.1846524666148,-64.362180600829
0.000534927556716385,0.000598940213693178,-65.4341005782147,-64.4523305358202
0.000556481199974544,0.000511042034369979,-65.0909900636108,-65.8308675337386
0.000596682518435641,0.000559805715536103,-64.4851337180016,-65.0392534352564
0.000612852007080942,0.000604169234703889,-64.2528877451234,-64.3768278698518
0.000590439295749721,0.000595514984371048,-64.5764949288712,-64.5021461261837
0.000577300919466622,0.000574981443219946,-64.7719550160082,-64.8069234275022
0.000638078338391837,0.000524058016819445,-63.9025199728265,-65.612412619494
0.000652875010205315,0.000582117878505396,-63.7033990873269,-64.699781241686
0.000648760674395524,0.000585837069248523,-63.7583096682513,-64.6444630299838
0.000562500028023395,0.000577684511440551,-64.9975490316065,-64.7661855273464
0.000600610243289483,0.000556201853098821,-64.4281453053394,-65.0953513705932
0.000700085743981308,0.000551990684192851,-63.0969753180735,-65.1613650337414
0.000670273276207067,0.000537374589425233,-63.4749619116084,-65.3944574738485
0.000607211476898119,0.000557478188755831,-64.3332005687859,-65.0754423929786
0.000550579210861526,0.000565422770523844,-65.1836038202986,-64.9525341145342
0.000719049702567332,0.000490765286593021,-62.8648217805291,-66.1825232780803
0.000856972644191588,0.000540626152379122,-61.3406608232924,-65.3420589892748
0.000659621718406486,0.000611812959679856,-63.6141010681668,-64.2676265569046
0.000586166289273075,0.000586662029649474,-64.6395832336004,-64.6322403917104
0.000564640174326394,0.000574007041252447,-64.9645644980096,-64.8216556029699
0.000637019283050232,0.000555404743578989,-63.9169484209364,-65.1078083072939
0.000615400531568381,0.00062802552861716,-64.2168426591025,-64.0404540452489
0.00058894820352968,0.000620389651591181,-64.5984579721832,-64.1467091009317
0.000556124734552764,0.000581506128677203,-65.0965557707911,-64.7089140748873
0.000598724472194391,0.00061198121949405,-64.4554598037883,-64.2652381059532
0.000600584926473714,0.000636504431834407,-64.4285114391256,-63.9239713621381
0.00056737841870058,0.000685322643149669,-64.9225437485792,-63.2820983759825
0.00056229596984595,0.000587378570631955,-65.0007005841224,-64.6216380383229
0.000565845042797445,0.000591978244756126,-64.9460496897272,-64.553885066757
0.000634546388495468,0.000620683709160863,-63.9507324664622,-64.1425930644006
0.000604590132509157,0.000670688202533428,-64.370778904057,-63.4695866574331
0.000561179681523211,0.000684311572528133,-65.0179612347729,-63.2949223100369
0.000594124693577602,0.000597041986691842,-64.522447933728,-64.4799025249035
0.000623852196231474,0.000581256575577913,-64.0983658334189,-64.7126424206703
0.000663763875172216,0.000594716067209099,-63.5597277484092,-64.5138065635947
0.000596681535479419,0.00065943065440661,-64.4851480268779,-63.6166173607152
0.000553781648415925,0.000592096243792261,-65.1332288058195,-64.5521538807234
0.000559785723284283,0.000612979784610502,-65.0395636385804,-64.2510769558592
0.000629414574343564,0.000599478152203394,-64.0212641009153,-64.4445328001069
0.000708421906941534,0.000654401156626967,-62.9941603466828,-63.6831188347706
0.000592071384708998,0.00066026604522052,-64.5525185643181,-63.6056207227975
0.000571697585739262,0.000613826636735111,-64.856672835873,-64.2390853895706
0.000639499238257516,0.0006127882811956,-63.8831993699381,-64.2537909726249
0.000715906840119891,0.000662342603593852,-62.9028697620601,-63.5783461821472
0.00061011536291195,0.000635870869028184,-64.2917607837489,-63.932621415412
0.000548474354708061,0.000631134237200611,-65.216873482812,-63.9975651994202
0.00061331184578379,0.000580830586048186,-64.2463729414091,-64.7190104425023
0.000634947778612655,0.00063230668664869,-63.9452398372463,-63.9814445098918
0.000606627265995591,0.000644014203062154,-64.3415614681989,-63.8220910924466
0.000514574036367117,0.000604975869435097,-65.7710426115207,-64.3652389525765
0.000604979517486608,0.000548947547958447,-64.3651865761448,-65.2093830097404
0.000633440416716692,0.000649209799140915,-63.9658845977145,-63.7522986715338
0.00060433750588206,0.000700544946738945,-64.3744090419823,-63.0912799057943
0.000614453751907095,0.000663777880983712,-64.2302159918372,-63.5595444729192
0.000571841676067358,0.000598807710641227,-64.8544839251182,-64.4542523206419
0.000598753440180021,0.000591312241075218,-64.4550395660142,-64.5636626068472
0.000591872810529626,0.000671207901148901,-64.5554322040489,-63.4628587967107
0.000615547127104698,0.000652558906733631,-64.214773825961,-63.7076055659349
0.000546756751725806,0.000613289564681992,-65.2441169058465,-64.2466884981818
0.000488844020847943,0.000607807065775813,-66.2165938478417,-64.3246851108007
0.000592658899195615,0.00064427360756846,-64.543903799457,-63.818593180062
0.000588353804562315,0.000669640019432111,-64.607228677125,-63.4831719933909
0.000552875157432779,0.000583444696361624,-65.1474584791146,-64.6800060726894
0.000480944220631668,0.000627024330451577,-66.3581057937954,-64.054312137904
0.000632863080576844,0.000669766698774628,-63.9738047817035,-63.4815289931329
0.000622719894072465,0.000686814746935638,-64.1141451924651,-63.2632077692319
0.00053745834654772,0.00070854383779271,-65.3931037655662,-62.9926654934398
0.000523448365929374,0.000586965838094094,-65.6225230322495,-64.6277434864263
0.000568256675635121,0.000620890349452678,-64.9091090733633,-64.139701807494
0.000597735363952892,0.000635378293296273,-64.4698209828658,-63.9393525249171
0.000486923368156896,0.000662393130051761,-66.2507876506691,-63.5776836088863
0.000506013251179308,0.000628275236756155,-65.9167621992238,-64.0370011501694
0.000540873138336772,0.000645119148359561,-65.3380917322899,-63.8072013446186
0.000542157023190222,0.000655856878453016,-65.317498238655,-63.6638184466199
0.000609255560051763,0.000654305535775742,-64.3040099752806,-63.6843881064372
0.00056779223584361,0.000612196316186589,-64.9162110087756,-64.2621857608518
0.000608371328537345,0.000581940991106391,-64.316625233322,-64.7024210127114
0.00059447164619494,0.000692240791900558,-64.5173770915445,-63.1948562494845
0.000687534766082415,0.000708054506995167,-63.254106725634,-62.9986661689151
0.000859951052869629,0.000630984203300321,-61.310525348933,-63.9996302637822
0.000887066711370107,0.000576499777865156,-61.0408743611904,-64.7840171142011
0.000697419118879154,0.00062936632135352,-63.1301230230579,-64.0219300152899
0.000562425689702158,0.000685611738598948,-64.9986970086594,-63.2784351062623
