581.588057016995,2322.03437377649,581.52282991089,581.87028027937
504.699145501733,2065.15789074935,504.822562131635,504.774799101322
622.130922587858,2659.62224144609,620.745551289702,623.961836661964
460.137677715128,1126.49074299146,460.973410745397,459.428320748344
325.924823788968,2124.73992119605,325.934390989368,326.165442946752
269.276159997763,2708.03235224721,269.1180194655,269.491067869596
1993.35674313737,2873.78006263759,1992.82219648762,1994.75786808819
3056.92278413672,3519.48180724348,3052.55470030844,3063.55508870625
2720.78725911653,2990.25559396296,2720.46404373072,2721.22198491772
2821.50952154429,3230.84256070485,2813.87797911999,2830.31837762088
2600.61299472411,3517.94902219085,2599.95563710032,2601.57891144005
2780.87424168698,3373.0072790221,2776.71961005452,2786.526104115
2650.28387374579,3724.01205488102,2648.09342327574,2653.86451480574
2740.6385587879,3674.2157109472,2736.60923501021,2746.52775948826
2594.14900585815,3942.35628512255,2588.73060584687,2603.6454232275
2508.90007449895,3520.83035321729,2507.7791667821,2511.2384817579
2747.15701092137,3873.00537355569,2742.88222074144,2754.87671063262
2621.46155524237,3283.63816579918,2621.41267025826,2621.81403231873
2759.33465432627,3667.43669146241,2753.80193595793,2769.00785891399
2667.19875230131,3497.99194417054,2667.20930812317,2667.64490893402
1714.13062387748,3039.95909841713,1716.03184922313,1715.01396259938
484.377080966957,1880.63654466985,485.378944985853,483.567806479349
772.326006797549,2762.92069379466,773.282267734694,773.616281290448
525.182566054439,2675.96773055633,524.531765437498,526.394376259753
735.150132273324,2635.70248082423,735.191277316609,736.401385327737
383.496175629972,2505.53364178543,379.759602268846,388.556179122139
406.853052310822,2244.28647985286,406.355045185927,407.649199015792
596.322745149778,3057.98930361738,592.03644760948,602.262859530911
404.627911574384,2196.98266649988,404.396061142048,405.022617574258
679.515834474889,3194.11213031115,675.38135044042,685.655005056235
615.692291394878,1949.62115481334,616.17656523691,615.777508362269
1082.01946605134,2107.41959363471,1084.91622058819,1081.02084896696
502.900523731432,2685.07551321455,502.14847392873,504.440110264671
547.017721678104,2530.30184403421,546.148450899846,548.643682754794
863.259600501818,2664.48839542443,862.058363946581,866.354274574442
831.436817646511,2505.31955844239,831.666677963486,831.598710065889
778.625197972428,2829.42320358463,773.493352140126,786.729346715454
721.826235739499,2719.94404539634,721.669640203153,722.511818911532
1104.29171492969,2521.76051816443,1101.42412454828,1109.69147334275
660.297971891195,2359.26526437516,662.161369134037,659.153208252635
613.605800970378,2776.95347849207,612.952772007944,616.003766252932
650.404754058015,3109.98975016407,649.188997793562,653.103346948175
901.074920509022,2917.94967827095,901.164298068196,901.949866173884
534.797181238608,2587.66357570751,531.700806509038,539.175486055686
478.627625002068,1932.09944748468,478.737702697632,478.816196868545
540.916019775952,2656.34909074761,538.670978347462,546.259304542287
576.49266652443,2452.54686025742,575.582560647037,577.795375724909
331.814884943516,1740.06418316371,331.371435752591,332.830163771158
400.207298512395,1153.11543062641,399.052035530895,401.560076144057
311.032523806228,1274.2548598331,311.313209040374,311.117551191808
399.659212428505,1895.70902241453,396.586613697438,403.295349233354
355.36794503238,1624.72717476153,353.592573809584,357.352216227245
314.4343567654,2363.24337006343,312.973395882966,316.884282217344
203.93211528119,1020.61003245927,204.228013485559,203.800009601648
436.707385056848,2605.51619071734,433.174363564246,441.360304842934
557.615781691932,1135.04946245922,555.809249188523,559.552324613838
342.957473955854,1154.80962041366,340.432210561405,345.821471670256
440.660685252097,2312.72996014606,438.462154959233,443.370714377341
289.925723801884,1548.67202204923,289.249821525599,290.976985768198
355.236433280108,1898.2419596702,355.117927591535,355.726176911851
186.815637312931,801.559923110058,187.381103736592,186.422733163225
400.606799235618,1135.87555489692,401.097896468692,400.60824346948
547.83507591752,1420.80116357871,544.241496927251,551.583025432881
496.297505635981,1558.07844431189,493.206123243615,499.931257386235
729.850773679979,1690.99111174368,727.706799035125,732.32477497508
414.059893595941,1709.63515843863,411.662436078598,417.154031152375
647.537913024219,1939.13292448793,645.702460626186,649.761159243984
471.313195058625,1840.70535280295,468.885035717193,474.336258931763
550.716399507364,1158.12347467973,546.988770078356,554.60238413835
459.852709925068,1543.84973548816,457.481614930564,462.449997453225
539.864139832944,1608.61635929879,533.928574806416,546.486280923739
472.512470674402,1699.7074528235,470.374325640131,474.893682353636
488.842205427187,1837.94723568429,484.755268739086,493.680882746181
493.760936319002,1622.67946005522,489.930544860446,497.803442185455
377.625426556766,2054.31404464571,376.581288411061,379.69735797247
424.142602483934,2018.87213675121,420.397512131428,428.581977294901
335.962701070114,1302.73083610358,334.471951998709,337.83354323392
525.071611440304,2056.77582186896,521.887594254594,529.24991016069
453.943406635349,1259.63947516511,453.392854976724,454.731362779174
360.828125014222,2121.85188719288,358.974561900528,363.497947855599
416.455216628584,1208.04699023311,415.363314151545,417.727498147338
269.980692277613,1965.99279186286,270.256901961366,270.342259014807
326.641407289862,1351.86395041366,326.147636246557,327.368665768856
321.794530217946,1338.46773256556,320.795110628174,323.214322560689
577.776107458076,2225.0045117717,574.764612011259,581.829685179703
401.803717913243,1744.54346909976,401.027212324782,403.162492774215
395.821161494267,1931.85609998708,391.91562781113,400.323719175861
344.793503650382,1300.71947377967,342.834348827359,346.973895639265
279.372174880155,1151.37346520249,279.892372538858,279.410602271083
249.542271432201,707.404715104715,250.301697679648,248.921561291381
385.872851222698,1842.6124061468,382.813006180903,389.79799230997
553.735292461033,2175.82438816863,549.431332630591,558.661508347989
452.683897082128,2146.92877788147,452.05158711195,454.423156775096
573.475965875298,1731.29393246854,569.346396499076,578.116272912141
427.595670519959,1861.75212442387,424.778067292587,430.78108387485
487.539928859341,1550.93419754259,485.008114327583,490.623849523095
502.532683798495,1476.29891280293,499.469663086293,505.830239031362
523.885771063064,1494.76139678854,523.27261203992,525.108075100161
414.588389202089,1508.6020816597,412.066616989857,417.290904940159
335.363579399118,1536.96844972833,334.608188338315,336.846074390056
439.705962986056,2253.48495413927,438.350984223151,441.486231743526
411.806676643768,2220.67707732613,410.787288572074,413.521271474693
628.276651001502,2443.00821285207,624.299564474193,633.028719044676
250.835707300631,2189.00018465999,249.882485606339,252.397420769542
549.208264082502,2131.35560339476,544.996052209696,554.315221580339
510.142678794344,1515.42341749469,510.36714298695,510.270829899885
799.337964230786,1659.8845424196,795.829777487069,803.365265421457
535.318012445887,1554.85309525944,533.221794558824,537.632558484099
488.179364108228,2141.39283377439,489.394435093149,488.644755474077
585.844586318367,1887.3233733002,582.821351572569,589.320465610151
357.481408710896,1584.77191322456,357.861286913233,357.756334914924
439.209681004727,2049.77794392275,434.794581996405,444.101943490339
375.858876109453,1323.06203261626,374.84633963244,377.215845219758
736.809171958017,2259.14411821843,731.251805819097,743.175999923795
453.249187600353,2178.49489051635,448.922601161234,458.106379677782
622.789518285004,1695.51064335686,622.661310008176,623.900153996233
595.926185237535,1434.6260564765,595.657609151047,596.524107235784
466.362269934162,2819.37309496471,463.649644494709,470.05409579414
404.769832401765,2124.47038836954,402.608189641991,407.267146408439
434.276584921338,1563.73353741352,432.359330961924,436.702202007383
749.309128040168,1979.86311989572,742.286018596856,756.651910934488
597.462785691457,1690.73844730615,594.875546752523,600.421856231309
1025.27857094422,2130.18350880884,1024.48100772259,1026.96289758306
523.453064651184,1442.66306137009,521.584676448512,525.580246586947
720.144476729252,2120.99264085237,718.677782273871,722.248121328947
691.229241579797,1856.79839663186,686.535538660298,696.168704961194
577.53307174614,2394.76497567599,577.81876072751,578.817759946835
552.213120499158,1843.00420856254,547.281206944804,557.344598731147
471.357404328951,1996.37147525592,466.931330168605,476.312229958269
764.776106302992,2486.96152424229,757.12681326945,773.714626388934
450.944584921727,1766.11368119032,449.042341101227,453.612423481307
709.255287962628,1622.26930718927,709.59744680807,709.550030677022
268.790108510362,1563.7752328614,268.111935213188,269.661208608194
518.098466516861,1938.55578454707,516.886325552501,519.837751769154
563.402181425162,1498.83661203876,559.616619929876,567.412135188697
512.378567847829,1832.10343409258,509.541834262991,515.766870413886
601.309945743894,2010.33239512545,596.664776666611,606.474727671274
445.298761265843,2238.79194883398,443.567581935961,448.354591092437
642.01504447173,2077.68633456067,638.432865507458,646.383366500353
332.420932467977,2308.87365789073,330.006141784308,335.59659762545
486.021395931408,1998.38784416646,483.225600864363,489.955068629822
525.963835337671,1584.04390993699,525.898207646948,526.4025935432
685.36089768745,2514.23928712598,680.145380914741,691.675199532554
707.890115173486,2378.62220719499,701.807962765386,714.371972935548
453.315411963665,2248.27291644594,454.010506799742,453.838867709618
658.608825149613,1511.81380802974,655.257146248221,662.254618504049
457.29548325021,2387.27151240772,451.676319071615,464.253235429413
554.164933267678,1756.20347561258,549.53796370316,559.217364914591
546.558667489687,1747.01755941837,541.018159367287,552.384218231899
577.20210861632,1928.51410309795,577.066234137757,578.200156515916
747.483880879592,1718.14962547185,741.030599272256,754.203269817951
699.043839577148,2527.52901444097,697.822496955335,702.017776639185
796.652133444834,1623.15102007822,794.293412506483,799.258304709985
579.729219100781,1696.16878790456,575.213828503331,584.851138262653
816.818722331156,2146.56938371356,814.401628425461,819.946569634721
530.862888658473,2091.19502075857,528.672518037998,533.870478819991
753.805128478853,1810.82725606493,751.441334694366,756.516643234007
662.742659835408,1736.32210396677,656.416430169914,669.321246397652
791.197387079977,2217.29518547459,788.807399126582,794.85555547353
483.40903568323,1453.69492367246,484.196541886487,483.155899377396
530.700809844924,1795.71584185736,532.048957202968,530.539992678868
469.106226654524,2079.26318600835,469.668364910775,469.550258092331
429.856532743947,2071.81276524343,429.683400202894,431.465483188351
408.430082609834,1535.95955400189,409.683737418496,407.793970315838
334.649080188381,1485.11941631046,335.062027592813,334.834390804443
336.431016882812,1838.85464308393,336.150941172459,337.414758363605
342.586995177234,1658.24788669863,343.650906019786,342.436927165125
304.366974038944,1309.80243696761,305.740506380102,303.941530793223
359.199948480914,1865.04265006268,360.449156087242,359.056111522234
320.478401156134,1643.77675307983,321.977532259306,319.934397521398
531.578829376967,2051.51087315086,529.727160958027,534.304049803409
470.455690358446,2307.1971425118,468.527724732585,473.857627640515
342.945819414401,1119.68297190559,344.687444423214,341.752902356644
349.288287389362,1436.15655277682,349.229527712049,350.036606070022
344.002569930974,2065.32454211021,343.793721439172,345.395982354944
326.765323234737,2321.1778699929,326.363853673186,328.573281708556
321.302189397827,1512.50796630794,321.87570772192,321.569887153719
491.933482489729,1807.76537714091,489.519848262275,495.028062703791
395.466841299354,2041.9135825431,394.017124830614,398.144890362546
509.606400049387,1833.41758843039,508.456260833401,511.320058202029
500.524361923641,2279.70291257513,496.485601876249,505.412753589094
628.079250179013,1892.50667972001,623.786401139835,633.039959710359
487.943391899168,2145.98929725903,483.171313178345,493.488179696275
382.558991408873,1501.73584611901,384.115359430915,382.303250281098
342.970197082055,2426.16535338619,341.02134055257,345.455357400043
351.078191837313,1428.4537345603,350.766491330812,351.97585606235
479.583129867169,1682.66619258275,477.831446020977,481.810428525218
420.302684975098,2067.84482517281,420.093961721992,421.408461327544
446.298481153078,1910.25925899537,446.051127094188,447.280392294251
338.994738619479,1885.13493329717,339.24780486045,339.653858969418
323.263225225035,1824.29127539851,323.209855539349,324.495466084648
384.469455836021,2222.80829449795,384.761882097909,384.849931506321
375.920787748615,1955.37108424254,376.862528584627,376.505948046153
324.444811948282,1492.69014965294,324.791913087494,324.590459845621
411.692413460737,2470.20154925418,411.262036028305,413.5330135049
361.939575291423,1507.21020507221,363.741918863,360.749144607862
273.580151037728,1952.01474504782,273.669744948471,274.357537623358
479.444531150156,2467.05376184199,480.199010697079,480.802145584497
377.927926381096,1922.62661672357,377.995378961429,378.616972021795
370.757481730358,2175.83665782433,370.232073572489,372.572905166732
367.834653842563,1824.55951186294,366.360816541753,369.845968929456
426.762083620335,1659.52138033933,427.822167160097,426.483955770887
412.414071920893,1863.73802821214,412.315703841189,413.268544315276
296.622454469001,1905.60149812758,296.949472684371,297.494672857171
346.367108237857,2004.35092351374,346.874494675467,347.0994044825
393.13981418632,1764.73988323642,393.608597981253,393.352841875906
363.20761016306,1453.63359576746,365.413180471516,362.006875751391
413.500009118983,1311.34720656707,413.855072903549,413.545035515665
386.05237853304,1639.59754980648,385.862915086722,387.181278340588
445.436256470155,1736.60687678168,444.973236890312,446.508482287853
524.343958968231,2227.50274906268,521.574819923974,528.133878806178
569.686616521965,2225.26165372756,569.495800766188,570.853667602271
458.365299792609,1891.07060845496,459.691259446448,458.26710318431
455.332574250559,1673.3758622979,457.485919611047,454.230760734989
346.132700053963,1798.75170966988,346.347313686253,346.50422033814
387.272054540186,1744.7499799175,387.98184662249,387.40985495696
541.575288542917,1661.51272895848,544.414225793117,539.814079592104
598.415888193412,1795.17322958442,596.462439367375,601.143745256736
407.207645908128,1844.87622897879,407.789593812447,407.662446475479
496.325589788706,2001.78206494579,495.096682091797,498.558235689792
448.032520022357,1843.67675677267,447.597927386087,449.466167085842
518.578769779799,1987.56216684421,518.671965487505,519.051770307737
394.832093994109,1769.12887959189,395.270448112356,395.427359322571
462.236673611507,2088.94316006782,460.898733488026,464.455940474199
334.028070895161,1848.48543134797,333.616846382639,335.473621641168
353.869284257334,1758.40161909231,354.750730340464,353.686806117362
432.774983566229,1787.18790206516,432.27385693027,433.823679100605
580.411632898108,1727.58152200851,579.690862013494,581.78765952373
531.599130764211,2164.24346189992,529.1962873386,534.730719447481
444.76001443661,2061.63562476207,444.219045852951,446.469170007987
478.025572795883,1848.99961935764,476.979378822596,479.78793024256
385.179431029291,1570.80243744825,386.967344093356,384.378911906816
452.945329047822,1912.98558683092,452.075702664015,454.522787137564
507.060758260613,1956.75119496372,507.240258800709,507.886077192124
566.48110026466,2336.69154900184,564.56437671071,569.711032085545
720.563651504998,2399.89629997843,715.687857728781,726.404311450411
562.918318663452,1657.31136412194,564.990465794919,561.672041551457
708.297460751956,2384.02360767454,706.254818620394,711.393976322551
661.50312374387,2195.49283375831,658.572255455621,665.399307819986
940.235131110143,2456.98026729685,934.089168501495,947.076037304462
638.815688950479,2213.56435389336,636.376046214469,642.336511645606
490.761965527782,1568.77278252181,493.442494304521,488.786994450479
542.178333099731,2081.06350528117,541.482975254777,543.710787666489
639.076565260508,2415.54005095174,637.244461230369,641.685320541518
629.219178892287,2573.44082136793,625.273136447986,633.943995079322
636.605453641007,1842.18018134081,635.113715824405,638.9891489363
358.823541366577,2305.73003350408,358.049584214768,360.471843492568
497.467471070026,2139.12456931821,495.468249560187,500.33648422408
456.708668514408,2259.93489151262,454.960683312695,459.579867326508
494.729999948303,2514.25017085824,492.265480369335,498.25039693799
403.521712650153,2170.49848538915,402.377197114986,405.683676445239
599.213829712084,2306.4343014589,594.886372572453,604.754794831799
447.788000616912,2069.42961030853,446.946392224992,449.467295198255
370.353747980997,2624.04101468112,368.766390537636,372.893414891068
491.220973745975,2195.43689868581,489.777596155972,494.108383647863
540.391279380432,2264.30972391453,537.018708710282,544.866580477691
509.897828373243,2456.46734181442,505.352747348613,515.554975845051
466.989358661524,2378.44983992483,464.46457900568,470.617380396638
540.078499935641,2338.42221327857,536.441724912818,544.650951314003
462.751527163521,2550.55077134296,461.956671530602,464.592566532667
421.318754596957,1953.05526895729,421.266517657127,422.248790107554
486.97206690032,2247.51144918707,485.976480176722,489.179766533953
601.544017856777,1894.90997709235,599.328497999787,604.520816660681
482.59997636182,2310.05006012497,478.549202638892,487.546398155677
594.604086116604,1866.54540417142,591.946064738922,598.117473688062
700.499292172547,2635.54896770725,695.036503721194,707.12563028501
681.893062471826,2137.75920370496,677.083847354318,687.538913447738
951.281441775263,2531.34675127416,944.573598591585,958.708928038567
671.472556492432,2291.16489034151,669.772008141141,674.128285599126
615.315674980107,2274.6754696417,612.73056629063,618.77965245945
523.334210152031,2216.80912225204,520.288524010213,527.232064664856
592.611933375401,2047.22742384098,593.068410847982,593.157578800912
769.57334967645,2147.2529229124,766.782275475467,773.575260945527
715.290769146509,2596.52097213477,716.049446678038,716.58801344856
389.715588614951,1642.58589622561,391.679853111418,388.892068069421
377.61332722119,1979.83672557521,380.412154546071,376.379423136783
901.616401825132,2412.02270450232,905.689770678947,899.090752131345
1208.00629890363,2635.59167573987,1216.30628540307,1202.14496107896
1011.04301414112,2413.79586906048,1011.0249543409,1012.86591788972
812.544789608184,2360.75401416069,811.042466889773,815.777458119917
482.839563995043,1650.07692709887,484.073997945591,482.376409497405
891.509769567044,2698.2983191166,889.515416360921,895.018411044213
694.36067241142,2824.71470797758,689.756699191018,701.307510800973
1127.43790427563,2534.40354464298,1127.0308422797,1129.0774418923
594.035989525787,2132.2201528375,594.238587212191,594.75248780082
659.828694173768,2342.45537636393,663.527528567781,657.557189609735
849.157236358821,2743.93901315326,847.627751059576,852.981556801693
566.658662961042,1392.18016818589,573.044245582101,561.263593046196
793.376879811465,2505.97350256654,795.048919591908,793.622820830448
813.293336529509,2097.4567661092,812.47406004969,815.840916946003
963.066370208598,2707.66505740752,962.395471761124,965.409523564932
543.422852984205,2097.70137883277,544.291836800738,543.411912743282
960.008499328788,2080.78377821044,964.372986759743,956.331238617165
988.526888969776,2696.97636936516,992.096591020613,987.229388972602
800.266336179496,2257.19683735565,804.354966655624,797.251938382899
781.685360917102,2115.2106495145,785.992122184438,778.502918627809
770.016106301242,2296.26882160569,769.43898911213,772.378795774898
1286.19608787543,2590.34977435904,1281.5154568286,1293.44038583371
517.645743245848,2098.23139436203,521.183650517003,515.366499060885
952.514788253114,2184.5315995218,955.793430696541,949.90368237076
999.486240986392,3074.29734894022,998.732263598256,1002.26349915492
1099.34894825779,2883.22044754798,1100.16481709116,1100.32713192558
930.847023760061,2845.11540970563,930.0134833653,934.524160834059
901.320423137063,2792.31577457881,899.624761996609,905.271735180342
541.645113900257,2091.13172736753,544.219528863101,540.402011544511
377.780988638932,1772.39697316701,378.94663916459,377.279630605894
1237.40356598816,2427.66469760188,1236.97781331765,1238.789675379
932.312201599696,2302.75417985015,942.355749267345,924.942411074343
1240.69541767336,2512.45785691722,1240.84528224651,1241.89001656535
759.070370142177,2522.07142118338,759.148050168895,760.625409026702
887.284429679535,2285.69709575083,894.197125707026,882.113850777863
1174.00990294961,2741.87767046923,1169.81109472398,1181.49261308445
747.931273535708,2589.99267530051,745.63895911511,751.59995174507
1224.15980534513,2896.58468990238,1223.75025347527,1226.58942223743
749.904550264454,2401.27723459662,750.847090276245,751.533030557714
1171.75431890826,2819.01006776378,1167.63397753787,1177.93793058234
665.12076810582,2216.46861627871,666.440611443406,665.130255599155
1027.54040040172,2615.64388243831,1026.93780504146,1029.63982805525
1167.62413465652,2922.36761293252,1164.26062317129,1174.49554882138
825.309716828686,2361.6288882588,825.23941963856,826.323832914787
1021.9865250821,2525.73696976969,1021.79270623224,1023.29734080869
824.159283608228,2549.0026303424,828.947729377938,822.200724630078
1345.19157351686,2775.12584750321,1346.39522967587,1346.7438948319
686.428752048386,2302.47212381088,686.592929713398,687.006373581512
930.290714238434,1895.33083801483,935.765035574514,925.483831853153
1081.84902482839,2466.89522750725,1084.61223540716,1081.50221605942
834.180650325732,2070.63975923783,835.690528978919,833.682757221914
631.698402756016,2097.98372063188,632.907397476187,631.676668574132
750.479540059987,3091.16024366281,748.616447637225,754.199713256827
1676.13411370438,3276.68233733659,1670.80113479375,1686.02654751165
1196.7040547966,3279.12313996155,1189.52723026362,1208.10579235071
814.798081774876,2603.32608829625,820.432361260671,811.758954590787
659.323673165966,2292.5643589608,660.89192598566,658.971041732429
508.160653596282,1274.81754460053,512.13881034306,504.55261020979
1042.54683301428,2343.1305416222,1047.27490858699,1039.08356219331
1102.68591982738,2837.89540730092,1106.47480615625,1101.14011696489
1492.45543656143,2608.644259348,1493.81066469346,1492.71175710641
1184.2403368477,2588.11281415359,1190.86073326056,1179.36976771575
1270.51218616607,2240.37180260717,1274.42319566622,1267.43630011526
850.922780167902,1934.465480219,854.620953887062,847.934988941523
1905.55423859761,2356.37436180295,1910.81009333256,1900.88275774766
1139.21825518564,2400.77814705911,1141.14342129004,1138.52525403918
1277.81506503189,2443.44605190446,1279.3461871761,1277.83968840936
1358.82922209397,2550.02182490734,1357.0105371922,1362.88321113152
1217.51018425158,2828.68132083041,1218.24287323157,1218.53891174699
1297.81083082201,2975.66957363378,1296.43772867198,1301.35063764989
959.329866407886,2489.61001707048,962.522585085894,958.033445612055
1899.01304879549,2937.81000651095,1897.02306445228,1903.17331714001
799.073469466921,2426.30740473501,797.675538973804,802.059597449898
894.136134459259,2701.16796726782,894.133151878729,895.59024919012
1046.60405762103,2510.3886550763,1051.15278502301,1044.1809687581
991.401195323278,1844.21124338317,1004.02675178726,980.419090948547
828.188817103543,2068.69368984524,833.307729668845,824.308211813112
1267.05158692962,2665.36735202356,1270.61800319836,1266.26182402181
1586.28603177808,2809.28667700035,1585.18725282933,1589.18301343056
956.962795019116,2446.18744205228,962.194414175785,953.679854779995
1264.4156012924,2296.93471764365,1269.54610556741,1260.06817481692
1108.20625798083,2871.92668214621,1109.04273466225,1108.91002784319
1405.41408977977,2836.48294771209,1400.80900853351,1411.61617865429
1283.30576820748,2682.92721369482,1286.64714683494,1281.52049746873
1206.11303883897,2225.24202986086,1210.6292152249,1202.80186282504
1282.27913143441,2659.87102322435,1284.52353549086,1281.45236987557
1077.73621945772,2231.36369051728,1087.68243863368,1069.57449654785
1240.61667824875,2439.31040335292,1245.3955044939,1237.22111707117
1152.4147453234,2827.74444578798,1148.94451420334,1158.23451070113
1275.07011951485,2413.931108146,1277.52688751211,1273.67054646024
1213.16001059339,2574.48501941278,1216.23441847543,1211.61753325004
1315.6628564249,2692.0653060168,1314.56747338165,1318.2218434832
1679.51588665563,2820.15024608085,1678.47336874338,1681.94158786849
1143.1911500803,2261.94731927504,1150.58195374848,1137.32816467351
1054.96399289713,2575.58603676396,1054.20384258494,1057.39892646339
1098.86943748842,2670.99031368024,1097.63234125147,1101.83767662774
1214.41712509544,2673.27576940385,1213.48269332651,1216.66644526162
1250.78317291233,2697.00291161477,1251.1900988067,1251.83678794027
1109.81322960157,2534.99528350424,1113.84116527494,1107.13888804141
1336.8271188333,2468.84683329807,1335.21760662099,1340.01713283487
904.422416566223,2438.83388519515,908.888913136899,902.290522699253
1195.45909625777,2812.59575030525,1196.6842988232,1196.08751839092
874.093685324762,2532.80476131207,876.212106830552,874.875881645465
1271.75000095937,2825.14174540131,1270.90718858691,1275.19754080696
836.962658351949,2304.19494014928,840.13060847347,835.438849144568
1119.27964491661,2648.41609399859,1118.21067504585,1121.76665414056
1272.55582753048,2827.6410322098,1270.04601047755,1277.0624603625
1093.30796483724,2567.81372231901,1097.598914331,1090.56176684222
1327.68181878241,2850.17378213755,1326.80072133903,1330.31909856496
847.952643142163,2349.03173906302,845.536982389553,852.230267597713
1280.39386349004,2719.85482621064,1283.00238476116,1279.37957563646
932.291104289003,2650.18352708349,933.02818033913,932.994338289631
959.171785095356,2047.17506611234,967.332399635144,952.397696309067
780.791547192317,2024.55277077794,785.723174873102,777.087204750763
481.647573332788,1653.18376063061,483.867910711953,480.347901453785
448.57826143717,2505.09100729157,446.69219335919,451.591812803943
414.591774009992,2682.3611914265,412.322901780713,418.790484152862
405.215977866204,2253.18984818019,404.442787807445,406.851241936046
346.072997937822,2159.32334363741,345.755053856601,347.655364631863
418.215110809952,2379.30534469359,416.706511647801,421.002411766199
375.422826586339,2228.30366881231,374.194678430422,377.986721184334
400.008202255374,2248.35000967819,397.178580862831,403.784069917599
444.953514823228,2543.69011513099,442.538074364313,448.354617484993
383.410077888941,2193.44500835529,382.458451952599,385.216599955425
371.752235809517,2523.1822558291,370.21203875641,374.287431333925
351.826018737501,1783.19367735825,351.979777639576,352.832724331242
356.6659434434,2365.54670854003,354.770603813951,359.531484152561
430.017947099409,2289.33229928862,428.910967776583,432.645649162235
538.265435487876,2742.98249221632,532.864024914636,545.353264778781
559.966775650519,2791.60535708299,555.133371311303,565.886578761791
404.337357404343,1770.77860668172,404.198116835033,405.168937058342
544.115960740262,2386.67876829332,541.795508600915,547.577620256729
599.573160443429,2370.23225236064,598.211560189328,601.845090191359
591.430532857104,2268.78664732111,588.825883004251,594.864690762873
480.864058361116,2058.52201694213,480.720249252713,482.417581371516
518.849699558888,2246.37557026938,518.18064458755,520.627681047094
349.713423969802,2299.37903364264,348.673273156414,351.783779365798
401.958444182208,2253.14679063895,401.689344150627,403.135004153359
498.528470671179,2017.51160806399,498.155981458391,499.851414965593
493.903901579942,2464.99655277784,490.662062993214,497.840898273277
331.517851839618,2773.42547284858,329.777978844579,334.052142037734
403.658036190263,2514.64123663468,403.426467965402,405.482435352313
388.542490624784,2401.13855534275,385.13649040836,392.810626704293
300.997675955807,1821.71423903498,300.972408746167,301.699620627311
412.822144042987,2501.26131273005,411.232208231972,415.781033951191
495.785786725857,2388.16319876288,494.653211210806,498.287298276831
385.070105492134,1684.33525782038,385.955557188383,384.947546761727
336.186301583158,3091.34698757379,332.992559747151,340.992554520615
370.952131470276,1939.90568032243,370.93804368705,371.987428641027
454.822216958463,2936.34173489872,451.317164331338,459.7928699
344.778618220805,2029.02563642653,345.142640375615,345.823740383769
424.032752080387,2372.53627970814,422.515460541209,426.809309976483
446.224046655369,2106.19471952544,444.062723490254,449.682185770801
382.4691465416,2570.90742242361,381.019506682952,385.1264606534
303.910562437717,2708.35094189268,302.186748124957,307.026866065644
399.02099052631,1708.22123731957,400.140110693652,398.959603957064
429.966464892326,2572.64351038045,426.169701942065,434.434152116533
326.842426771799,2308.46818500728,324.570798432055,329.973743527834
692.685679202509,2315.66208427628,686.468396344769,699.964667651157
561.684967615755,1894.1060693354,561.364976978925,562.903660330879
682.682563176062,2347.50420855375,680.324152622508,685.863995074309
482.321366889204,2293.86417372087,476.349356251651,489.291399903055
454.131332629873,1699.11582184692,453.455522230409,455.400405149703
526.153284158381,2257.36165268986,524.451565089798,528.799900354198
472.82132611508,1546.82657748022,471.761655178565,474.511832153078
533.249899409592,2436.84255868751,529.798224705054,537.612006162887
551.824149071913,2389.19185188882,547.610850928542,556.926548295207
612.652755539,2104.15532820452,612.296542668016,613.739547464172
480.397879323434,2428.89041885589,476.443539659827,485.422633403989
407.6358380472,1542.44814667933,408.033271011058,408.060180026067
558.146625672643,2029.86720041696,555.53667789633,561.320346318929
600.893546403375,2410.41462132637,599.332261996227,603.344399678354
721.250592289526,2047.47604583339,719.692562179359,723.498311715497
528.057588540226,2163.29643803398,527.064165669541,530.122445802959
518.033838569334,2027.57836123261,517.177451827339,519.775384818095
363.219318470114,2234.83737264381,362.812026481214,364.996121495368
526.934193046035,2534.64314776141,521.403268882525,533.249787161936
592.291580861924,2492.97581713345,585.815844754862,599.761731235993
665.226493511092,2563.9954769582,659.246474831997,672.622913071162
451.574029601984,1828.57525521326,450.297842431911,453.35824987963
569.351782878672,2048.1083663982,566.56669540441,573.239607870538
489.050865970055,1944.2033769792,490.71703451608,488.440375292125
336.15345183291,2114.98250743898,336.395786225096,336.822228411553
499.956733608114,2366.67735375924,498.435960132196,502.797527751684
567.892305111394,2355.14414901344,566.235889928749,570.661618312064
590.092398736804,2293.83645499515,584.869055651337,596.326060979467
527.9748508566,2036.1385577345,522.926902058499,533.640084955379
618.586003939976,2697.38968176007,613.325267229485,625.240661802085
743.132784026765,2830.49996650382,736.731089433771,750.449065732297
698.448862355161,2076.75625354513,699.622943216793,698.015383501237
876.204800367147,2014.61139231626,872.304856984279,880.663438487796
680.218149907096,2126.67778820003,673.860969782957,687.35934521707
576.673664889579,2139.57961009759,572.711646335029,581.253712248566
507.597080048104,1383.40062208248,505.573359491497,510.024133011137
573.049720645924,2121.32596700274,568.617623112329,578.510080641999
522.502156703476,2128.93653061408,522.378689183135,523.662466114895
738.95604975477,2254.71549716983,735.628726805847,743.292877766305
550.470905270355,2566.12834882247,546.190243639272,555.905200700222
545.40803240123,2687.16146165133,542.319560745938,549.954127563633
629.012072822173,2907.26909946154,623.060297616537,636.628399300831
437.349048094943,3087.16611408672,433.846371562982,441.714817729893
473.232310833716,1970.575028147,471.937644944283,475.666904562862
527.353785255755,2271.72456801588,525.21730361829,530.681883678278
352.89801867822,2481.54544849589,351.439438617143,355.475859901785
356.689992570177,2038.22079437038,355.425518853942,358.779638865907
490.475128647898,2408.94364386156,487.70590256659,494.734407045846
536.164747901065,2611.50750634857,533.169257139445,540.317828820774
578.698847720144,2327.30616027951,573.829637104051,584.385088820512
570.64320613399,2251.44154588141,566.025717070878,576.250405020413
574.184234930011,2582.25081631196,570.238216952256,579.587218930141
456.113840859115,2898.1737057227,453.382438476934,460.190217561805
417.680751587826,2525.04647085752,415.45798551198,420.88924080182
534.522440161889,2773.0158311054,532.16158837199,538.514246180323
632.015439891011,2224.6332705433,627.3121254636,637.672911005613
655.118586054675,2707.10842507412,653.919020809665,657.350214276267
783.524909958704,2548.52266144055,780.401035693177,787.395435343511
1097.023109855,2417.19811166723,1093.27389670268,1101.45946500166
852.270454174274,2461.21559513049,845.32085594596,860.009384626512
1008.22385345037,2260.40723866309,1002.61296309482,1014.55002148374
626.07212566161,2042.9895915884,625.618038192918,627.693512151833
660.765919106925,2126.26992325807,657.929577841067,664.426623264702
488.383206940788,2600.87538215177,485.341737462218,492.311792021618
581.822683441255,2678.50892475698,578.346154596106,586.150605156379
625.6638976563,1934.57610570844,622.857883605889,629.121836463983
586.725170101559,2011.76237063734,584.978197419417,589.266949908617
339.936835255219,1494.08592191277,340.696362421995,339.709056470404
403.886781465339,1825.21349913757,405.302544923647,403.484043647899
251.88050038432,1101.49548974798,252.501289654452,251.571217141224
258.906050308619,1735.52849712008,256.864955074753,261.247163479202
321.842531751468,2258.42576868825,320.770876552468,323.757702126865
306.544258647665,1926.99146134141,304.810780164038,308.659036590455
223.257111570669,1489.88032267419,222.747861687662,224.095478821258
232.561649887317,2067.7064191947,231.811308346364,233.617464227285
185.324721943822,1261.84792410313,185.295322971627,185.655957370441
382.138532601995,2062.93113204329,381.468900735601,383.383363356927
266.223900566101,2080.4430509392,265.814604831434,266.970363776012
259.067749413528,1690.54395562927,258.663814475033,259.929269895251
313.326526075558,2199.55132658601,310.947797087489,316.148660750981
243.399895440847,2240.63966133792,242.102650769625,245.098397371874
319.498880814631,2257.66745151585,317.74370555944,321.691441081791
265.739168905619,1583.38302919597,264.952034982592,266.872364223157
334.185646016689,1355.90809271878,332.391612028442,336.171874070899
303.423966723712,1486.93982941116,301.18303933467,305.928634545106
413.910090265829,2219.31412125423,412.594425244336,415.657660004236
285.386631001324,1982.25625038173,283.334550096595,287.962587544286
438.162696331235,1977.5147814369,437.070271153581,439.666676945423
508.866667733466,2227.29763711178,504.225824736273,514.044475843313
384.123325693869,2202.80301305856,380.786771500384,388.041055013946
389.711088333143,1922.97620821753,386.905394961705,392.856546199917
309.407505635072,1616.32085371776,311.206930759414,308.16553195776
435.059089371377,2126.22044855108,433.098431684162,437.596130266253
329.602756296209,2344.64088879842,328.521165040997,331.10521310392
413.524617488224,2546.19852444686,411.284563869681,416.506237241574
202.717672156699,1896.61975280247,202.080529158042,203.63203886518
249.649978455241,1488.83486956113,248.946543337838,250.831270314933
276.251614604256,2938.9529212371,274.835427592093,278.132883951339
236.394369567105,1151.10922095137,237.255786143492,235.821699512948
308.083620931453,2816.73600102784,307.502565610345,309.286354284332
373.246889265862,2651.25321671645,371.878416300929,375.554316804176
241.211796563883,1667.12849399321,240.419880277732,242.444322094374
212.894692940554,1515.36806188679,212.815235344745,213.531554075093
346.459945493683,2734.33011224527,342.523299626689,351.361222457459
368.759063997728,2755.19591108234,367.776237861511,370.153756665896
355.688710642163,1927.66709476314,354.720166645459,357.198246806219
275.927959778293,1460.41355877673,277.036817941082,275.126832727649
272.7497942369,2730.62917122592,269.002374341932,277.343057449614
329.166921133162,2052.45545618684,327.144247352857,331.522275757617
217.214389031154,1580.11479626767,216.692911814774,218.01600843472
365.268922001345,2782.94859809025,363.507861476428,367.692108290131
406.891926734172,2193.40130753059,402.215375368656,411.933922418031
358.660682315606,2332.47075808152,354.884116932025,362.939109764145
378.248459087697,2532.89026514533,374.858524055399,382.055058151366
403.447495992653,2768.68375594123,401.335134662293,406.449254934635
515.27980237435,2560.01708045439,512.817683808235,518.121124393333
302.716883133765,2005.28053972099,301.644252458026,304.120229848217
382.753237392717,2356.82701206984,381.280060571996,384.974868400776
286.434377134553,2210.00882215708,284.06556090938,289.133907753553
493.492405337678,2581.9541993738,491.943895276323,495.620371763412
418.327982273661,2186.54948566306,415.389348908568,421.553304660047
372.641457737028,2726.19280482351,369.014382806871,376.901174025933
505.919836206819,2169.05307723112,503.42642171791,508.827792256991
291.431868106586,2375.57689061424,288.796909943818,294.633962277474
294.321423520838,2098.20340686673,293.176521109598,295.963714638313
330.997192862885,2247.72355793319,329.147107200596,333.177202519818
294.46788635436,2789.39200723828,291.264717063348,298.325086274545
273.956077586239,2609.65258257294,273.304322146691,274.844451765644
186.503239032844,956.870674850826,186.440997024326,186.692050721496
199.206565201622,714.471863413311,199.257870223702,199.211949881189
180.621680826861,2803.75196501931,180.333731305157,180.963258862801
250.076125628681,1879.58631597546,248.417033583892,252.072179552755
404.605135791172,1881.86127735223,401.671612829923,407.696431015871
404.347837364464,1146.52029135434,402.807345055778,406.038321926135
217.515933813166,2572.27655024796,217.216089183946,217.897311846316
163.834138780728,2569.68293904896,163.432750527357,164.344491382681
274.424403291522,2219.14566903133,273.456271514666,275.734231169429
212.409818678859,2126.25492135543,211.956325426594,212.975603109761
368.560597125203,1882.26114488572,366.5134974788,370.915041324846
413.902598076208,2387.85714914279,411.727828901057,416.431749951336
435.459977865459,2722.75250881477,434.410648539419,436.837936110897
256.398999406231,2938.78433427898,255.092505473865,257.977642071206
192.482794641444,2759.62732348755,191.651713166998,193.533874048304
374.181201873618,3149.92053161443,371.61069114072,377.498465005954
369.830201028554,3250.66559979165,368.400522408886,371.682090430973
364.672203925219,1990.03756677101,364.400890859349,365.479549917962
224.471583382212,1439.01905826616,224.168609857126,225.032345764174
576.760535346384,2092.76445593896,573.00099338955,580.950756822809
479.639788512097,2353.9889313024,477.867940963351,481.811804100817
412.347158649798,3024.21516558027,409.479037742818,415.949191277366
356.69683547482,3129.31832054177,353.200187240391,361.172488970939
403.420578113852,2550.53910888437,399.312998082414,408.174386303936
943.280175658377,2489.1556480475,937.601543301167,949.901522431118
591.558521811844,1910.65975020294,587.621034823601,596.292529159024
1066.62563819065,1904.41570989313,1060.98651147228,1072.86178971748
769.846858360149,3177.46245773134,761.307464699025,780.555518233757
2069.27607504149,2679.63995557825,2065.80899036973,2074.65832909697
1726.79864827872,1804.9512003726,1735.32329964041,1718.73157005475
1177.11708709946,1763.31590383537,1173.57541643581,1180.86292249496
1578.79335512425,1806.79463120636,1580.24635623243,1577.5052518241
1853.36178184141,2127.77535140983,1855.36050085181,1851.91968930169
1707.3183568025,2037.89560029759,1707.84891058848,1707.11247555383
1384.37962819556,2733.1617274693,1377.83888323848,1392.3471448975
1719.39174530377,1988.38022414668,1716.44940071647,1722.90863829502
1717.80095714494,2309.39761415331,1712.17191713258,1724.22388630821
1381.06652759844,2570.953761688,1379.32631936107,1383.33102640038
1448.77245854211,1884.70659376354,1450.05818425786,1447.6734782896
992.556481880354,2679.76326045953,984.483822180302,1001.00298982903
1232.04807874523,2224.97750873084,1226.2205332646,1238.08089761814
1224.78146165372,1570.07695740802,1222.07182172185,1227.7146653418
965.775171269148,2041.6862401067,961.168388311383,970.784980029458
376.708968930565,1778.79085072198,375.637491764293,377.958280770114
469.484242952378,1911.28086004444,469.089985506776,469.97904864766
610.754315713039,2977.15284658251,606.964942277132,616.390122901343
466.378289448485,2506.7713515978,465.135279840817,468.367509086489
426.16169894853,3001.67681577465,424.289113711174,428.590613566803
443.437382967542,2786.14538449571,443.180710562256,443.839144049251
479.552781657287,2192.70954899846,479.189535681088,480.065574049107
407.344096458427,2389.28300619547,406.586184916238,408.659490249736
718.086366253797,2358.46320169253,717.633631549626,718.891874517115
708.291037392046,1802.51511913406,708.096467449229,708.740673423768
295.792987618763,1779.02900224496,295.563708779079,296.076980904017
404.402923544778,2760.30380606736,403.694123224501,405.534287304983
558.72810246258,2379.99845977011,558.253663810957,559.579042919595
448.300583021341,3163.00331331594,447.411085809951,450.123302158848
391.197094447735,3086.08966426618,390.088530400031,392.630394983317
740.184160429518,2806.91855520321,738.152606213412,743.471092633967
1729.67212411447,2909.99016631501,1729.60503510737,1733.11580846672
575.748360447214,2100.20660013542,575.813144499944,577.062394485933
319.202086267446,1902.97643963147,318.643151894276,320.144108945906
752.517176485638,2237.30646636831,752.427894525966,753.519296168553
655.358883999169,2202.98637684856,654.214933259811,657.473858717937
