3509.12930094209,3197.12409642224,3435.57098441738,3535.00258354171
822.89836720994,694.639599783299,810.406751482918,822.675443819673
897.651661600458,740.397400084495,883.145638508425,892.790062150047
924.719046148182,697.795081407932,905.87800648399,906.743281922421
923.724482096021,714.193033153521,909.923689894651,909.67268806184
853.361003755096,773.677909534559,822.116060918292,853.508230707328
692.068761315563,660.227431808742,648.549193343854,704.021109939837
807.028001950474,780.823000627529,808.072616990377,801.513523604559
691.151442352647,686.221133312998,672.619459165222,697.634460706282
783.691031727009,571.935925821525,767.839207079272,767.179858180628
791.386357051558,661.214725969095,777.691719260288,783.080798610611
771.601733706369,680.742980773676,732.015141073532,764.918626343019
714.633303344663,566.318916779103,676.555180468934,699.731337975034
826.080310677626,694.182431832461,869.240793078469,781.18948815816
597.75814070624,332.343460208101,578.358346952093,554.146094372067
851.468989319489,583.766732885426,814.795401779024,828.784928727289
764.341244704519,731.334798585432,682.882914691737,774.438084686071
768.796604893787,746.793695855383,640.983494302865,781.463531953035
811.221172289924,755.795072742133,834.235980363976,793.900660798929
852.843025392483,677.536163266489,910.183992758698,795.991819664926
902.812167568412,787.970455727068,974.271123873905,860.032149058482
904.354039345713,899.66425871427,880.043016026119,909.137862146666
938.129031447182,970.822606338488,864.967016092226,964.533128365992
781.161446420116,751.941177730986,710.004596276977,812.194249388899
764.315044911116,427.500921953258,616.385120710974,809.968149341814
716.279421816508,617.932326067112,582.645674080822,817.886107115432
721.217812473527,597.329342738415,668.322099328131,713.074266025595
711.685545992519,666.29391414452,606.265869621191,771.991897417421
627.269016896267,575.561038513563,602.622382093715,618.453020973506
703.951504267724,640.523469032618,619.074853485791,719.989015797578
581.258901503705,461.450997835082,527.38076877022,549.536193943458
683.233127610468,596.452870727568,612.107933912763,708.134541504271
641.583457119395,468.482356019338,607.263330709828,577.337231768457
740.23827955396,645.809589981057,632.714217236547,745.988381436285
561.823384634853,629.753646695696,534.216440911764,607.300399967105
703.118148686483,558.272833535926,578.850126472656,701.535854720581
605.868006683126,600.629235106776,594.850568293836,611.295006597974
572.419004112198,592.553019784441,574.010905326253,581.075448114094
637.211254537248,642.944977554756,490.264227590465,731.325810053014
720.857096801328,687.018846870152,591.98908862073,745.993593254204
752.170482404826,623.487725974258,631.994049136397,761.960041851727
626.938168543673,385.875883490177,457.260970442994,659.269366998757
831.474146213325,710.158941874283,729.363310388343,832.171620769698
818.823947451098,772.754592279866,722.987940223574,839.632891365988
796.237737449399,688.479043577491,741.844587134036,775.698219152521
784.125118410596,700.797077796579,673.569078623636,858.364691404736
748.926728983071,691.702063336436,606.169157101224,953.677014354334
924.516579400467,855.29778748938,647.385161684092,1116.26873278222
840.52199964888,699.276397069672,620.764830442804,984.669643732173
928.91154539164,893.687397081377,729.46086055311,973.24072510914
851.856358781484,1076.47784311182,649.83682987305,991.851253164425
874.446945077347,997.127233330604,775.882837661342,932.048768698249
781.016880471448,947.026732011452,588.581411424396,911.910277238394
816.057323767266,631.277897769617,631.460833424641,896.503459737096
779.023950939009,767.291819907287,677.715479781435,827.540131911613
820.284629348997,850.706306368102,712.249347508371,862.872660763781
957.714003328262,990.283369470584,641.226549396591,1043.82129943111
1164.94832248978,1257.09064565385,617.040917450412,1250.37699222245
940.420238575984,976.422362541604,579.886223009449,1130.56183833511
753.208879016895,710.750897371762,509.117902352318,1048.1331178196
753.014852908458,827.330216566771,482.543597971927,869.829404475662
913.985536593189,994.992770258584,593.82652462206,1013.24077720842
952.544826304279,1041.7431706946,867.878825185396,994.096767454344
1123.14471098578,1259.50928507962,898.006160675665,1192.53031503465
977.220546217121,1044.33964896008,956.043544549307,1002.87732301695
894.78640651245,1034.24551144421,799.555812790829,958.305183816012
1064.53701799351,1086.35178030921,934.435524830243,1090.12312727384
835.496004321568,970.938745262444,792.621260475131,903.813540568748
848.12525795105,1055.25442911694,776.244973972935,993.435934459983
782.152748466245,775.817843074834,673.321596996713,872.667020876337
735.223074011472,699.416040443748,622.739084590121,805.541728552648
831.39505787096,772.333125491506,713.666367863236,850.652673212212
832.13875240943,890.531450360138,713.661036903199,904.508897752904
766.333015640702,792.912919187828,750.180221402204,781.278263683136
700.059620332104,740.907403894809,645.359545909546,760.385504974791
800.944308941548,718.21945730022,690.592576178299,850.41380750837
747.83636331309,801.988689465571,668.808227374232,808.838463067852
799.076349722937,848.076880195959,587.135320039484,902.658326693931
764.694340184766,851.534129944156,657.937841060098,833.188903802636
655.732683753389,886.716064432238,533.240933992724,776.322860607583
720.061997937281,605.175299896528,599.48749725678,771.627029009746
634.481071053304,596.736570186845,534.192097825951,716.002392565005
826.429420433123,784.510290131493,587.906464425228,916.285675487002
761.508689671703,808.404110958293,619.081715801316,860.664669463127
735.302977501538,784.284017926109,688.154458814223,787.026080906901
729.428004905764,692.855645277217,656.038581197352,772.567979872037
695.713596686344,610.357193685159,548.5487569032,812.46445448188
638.431053656197,557.289446409851,440.141657656389,752.242177441703
613.89696296602,567.303654010913,453.967236841712,718.254072765802
688.518891067631,594.79096885256,538.096686465976,763.835108843802
641.638301053498,474.426276558386,539.917905187965,670.45676876931
262.368815339905,350.971993744958,338.532132507743,246.702939439298
233.849339683466,197.037548463347,234.365460574849,211.446520155787
398.818237343103,280.981746309275,369.757303817756,424.205593678092
331.824650380957,344.390206636471,301.147989779571,379.53498635189
315.439247678746,464.481696570681,306.013549153428,339.239507635608
296.510468305507,558.533160805174,293.23742558123,318.07210810545
557.271134722653,315.440968414404,541.315421390125,532.366504440271
296.244844104507,460.100203614861,290.273886916967,323.756062930871
331.510936119692,518.574923746674,323.886082101827,361.293268406418
400.289118469081,704.133892443896,397.043786885272,421.53072035446
288.945549542884,482.517201573342,283.183429526965,304.040605751254
343.60873584049,459.470251583332,332.411281919078,391.409126115682
465.554791197972,461.922993838776,450.378051427373,482.008840584318
237.214677221246,535.381870211392,243.353209901243,271.30663683873
324.979719695742,481.473265177956,322.280244780867,353.047011990466
407.64431508802,397.496029242402,394.993793818457,422.438903893644
347.008433452376,526.498000444969,342.167436053084,377.108179935046
332.69849001169,446.468209296935,347.73163919241,327.833774158467
442.566169284442,453.935164602983,439.300156517677,448.147504724399
488.636599413464,480.696341194726,469.199679509269,511.818037375816
1271.82158979347,478.513507823432,1087.92303873868,1360.04218970752
1023.56639548559,550.190741260655,892.933268863087,1143.24892207429
306.669799370386,627.92419499462,312.062974673959,334.399906127687
316.290163320432,399.866303467697,314.067721597922,329.368590296305
246.071187185073,473.093928661218,280.314870770732,303.429977921365
497.814152094814,476.872142038523,405.794105968167,641.962778896436
243.577017655808,465.896892817154,264.147800201658,311.559935402789
297.14056905417,636.812894971961,288.715789276904,333.12608789816
395.136839048902,479.042330102547,396.377268571819,399.988671469177
407.468149612561,433.670599740116,384.505573721634,439.475431021666
411.866271673408,409.177186314614,395.138465357243,434.091108775157
403.645406886875,548.877198582398,387.607777076543,440.518753176993
388.722960957342,483.884418381391,346.882554521645,470.28576207457
384.639008343037,512.714058739298,359.436172399707,441.421754879499
275.201352621849,311.131296943636,248.450169403686,325.596290437079
233.920361781736,347.134368115051,276.832422867736,231.09885425872
304.045731851438,529.658176932321,303.529225592268,335.904145922996
527.721896076922,500.222890419954,513.796632051265,541.659691512929
513.224890301476,630.753359448845,499.595979736158,549.482897140414
509.523325129923,517.269741412165,533.818462685258,484.389159776255
282.486615751125,543.472766140626,287.114529089177,343.506883723514
292.483030559413,457.249219648638,289.480221294129,328.206855730153
446.946636774992,674.07989583841,392.014218078131,549.669382367456
651.170662311884,598.906955992265,636.683287404711,663.960149449414
543.190860575476,409.675025622672,510.098106032733,558.818330327959
2332.13660749645,495.672151030792,2015.00108313918,2146.08945017904
574.183674543948,394.913115687073,560.58347561882,547.031335387861
418.757905402394,471.148031291566,395.305025242216,456.813310986955
320.436681307973,430.277172557384,324.260050547365,331.528387584264
225.033140151419,472.5686818999,230.616736515247,252.873267967095
230.160146041855,248.310378871345,224.476884800547,245.949725340987
290.830314980573,393.863340325157,275.642476317428,383.958591521709
409.962750255415,540.329676271497,405.178200025552,495.955174785514
344.580003936123,491.796460728401,325.600694886214,454.66072791073
472.827712446974,595.127298173653,416.17042638141,566.314976593384
874.989839926831,675.436422358083,773.640618651744,959.031254225535
928.106899888222,706.364764977632,780.665891785026,1089.29214066683
770.898232469695,418.678152834342,678.505336572521,826.38571334733
459.721560967344,450.422212913845,386.041583373155,575.758014652306
418.915805569998,381.988529559989,373.530868085889,469.287289355595
490.67251559559,596.348301307916,472.517137584015,523.560518224159
353.762386114062,315.119606176969,366.898651282528,332.412418979466
357.766394149994,551.915624466735,298.970659611801,568.705163769845
421.916434951978,559.682737095598,369.913666381135,613.544369299137
696.902730073894,767.991687009544,632.342138476401,787.086152852692
758.302736086992,439.45393717582,721.523211020783,768.202578098603
788.540204506486,448.627531562064,711.736453419316,828.45684693883
590.312092388219,546.754505368969,547.037564591421,642.815840482876
784.303519368734,509.38433761108,718.974767570073,828.291200514165
675.500077133139,545.634004604073,551.385582839145,833.205315136395
841.44851124932,508.217303453785,809.516523531478,836.71618994266
801.321535684518,631.854998501992,719.143599254978,897.202846737401
446.65202853395,451.808191114698,421.872888372385,483.101957647914
513.043583019087,619.748006015629,488.026774463071,558.608592814836
348.369131046511,573.485921273293,328.926395650078,422.757883663355
221.917727997612,619.426241861569,225.736457082658,296.229746481791
233.629566857672,452.650893770281,250.44078941142,241.951380909476
363.776303804442,325.871895872319,343.665670758645,380.709422099009
315.563114839439,302.420314401018,336.017691259594,285.772182338734
264.121750808144,244.627998833108,271.910246012949,236.093965861931
412.49335540203,247.977643459971,355.543166243221,456.962357672814
459.683048916771,318.074975848697,423.109232233776,474.78849546108
388.19797618159,305.060912809191,376.762767992347,390.082509276179
359.707871677289,328.07865665429,353.68003826372,358.859291353114
456.65708785992,287.155319551859,334.73071417332,540.097224079407
457.102044896489,320.795688375072,402.710622549245,482.162356211384
835.862282660634,352.004347206717,657.821017270276,917.119894416062
1104.72875444126,413.939291296579,831.985889626096,1321.84134680656
386.129343016479,430.096970891586,388.348980554842,400.836433399907
283.704386150966,338.020169776015,280.655988869266,359.051876207493
385.440178539843,302.956449704204,299.528362070419,535.09904262017
315.584963722926,380.326438894672,302.612450551272,339.524879608707
477.941692757343,350.602395403341,404.573641967522,551.281745448592
596.780803624905,429.978896496327,550.192203751162,625.646057389074
437.433888188404,447.459023409078,434.62320228305,442.550745824666
574.728308988953,301.645994437112,448.817238733505,610.930743185882
295.351794616954,334.763241775889,279.919652611819,337.364533685324
298.874411208438,386.018735159617,302.126065026815,307.317756524066
367.773518811192,438.915860946642,397.736217851671,351.478262863901
470.653807099789,413.763872768882,477.837133144791,444.870117761582
410.479658402298,563.171635462526,399.549752973829,447.173392193859
373.945799243064,406.178231847559,365.194604268094,393.431446432407
1915.00436715567,323.903766944029,2034.14982771862,1099.41162349907
393.738030259311,460.060743998636,410.274283613557,387.645193740021
503.899283139838,406.788390141168,459.414753418687,538.628973184628
498.626158135163,407.826497425449,457.65925969306,544.278609744077
307.072086618408,371.120650768242,304.780657239097,345.764986990952
452.657744161121,395.109170795475,386.970440604276,526.32414568669
1618.04051015514,454.470233796543,1442.84152997377,1547.46775845504
722.444679464449,487.231493108901,621.914730300297,798.587497769468
435.33659664941,367.119333388675,390.942832975288,462.389586400721
369.195637558118,477.90796948405,381.213882922299,397.759300322023
317.078199778614,438.117519703115,352.905868970036,326.604135406025
566.329125685519,535.960848526407,527.474080322602,597.179806829084
2623.20416028278,452.181926620799,1964.45022105086,2930.03235939201
336.957993173798,351.342223114171,305.63341623444,453.248209779449
400.097097755571,347.41005054085,350.370406119014,429.82815013741
329.899791420386,466.963690883774,314.508534311801,431.107211649906
836.872821845048,626.710843125629,670.431545299224,876.803209109702
547.683862116318,581.167892327611,507.365897028863,643.063684458371
404.826633069223,621.172892048926,398.764703936524,566.231486733732
365.425212463612,722.426796052879,332.619832378904,654.083601815257
682.816219326796,1090.6234354677,535.651154667186,979.193255770287
505.563117037774,702.91869508833,483.409249547034,672.748720679552
800.709899343357,770.429746092315,820.060948613373,769.133669760712
651.763322914036,761.476501859258,689.883060264009,664.682014081335
676.699687675544,460.022545396763,653.190064709001,551.734559620773
561.503642644687,515.034041181485,596.946452804742,512.412973650063
565.667554255956,481.381590926912,550.067596775342,525.027822618324
716.345590634638,484.336832994667,598.233550212542,683.163026502054
838.765347028013,390.423793554598,676.091698918288,692.198938595488
742.762363218195,525.125508666729,640.674293517168,731.074581154579
336.204651547838,449.935529819638,334.193766555322,389.778010841658
533.03834317559,586.353363385759,505.445340988124,592.262056061835
479.425471407008,467.572991348397,464.554407736328,492.40076846525
576.820305763003,569.573554187299,551.771421205561,599.782185943534
390.390031698819,554.066835462718,416.44667586846,471.488500963209
710.817281938617,718.303866682164,727.25786562168,697.82699481749
1125.30849715129,1042.59064863389,1024.45069070278,1174.68220073376
684.260371947297,566.509223507399,640.031133350163,673.209409583361
512.351847174151,548.064196645622,507.884180828875,543.825332823091
455.464737623346,553.290156458825,476.82439990748,469.724262286402
564.645354859704,730.251325532291,564.749634404378,648.721316683085
445.76221851182,456.038308528235,478.930157639389,420.452671457555
501.439497069498,648.215125838385,557.564323847972,524.40645714127
471.946306939122,453.684989199032,490.583944943647,436.413624319303
438.827503181032,467.608774188092,438.926396283895,459.574862864898
473.157147594237,630.651562374285,557.196424489446,484.074244674676
523.724102141334,419.684652139107,526.165555860904,377.817760671252
438.095064718166,494.946031962933,413.919276580627,509.508388026492
373.641631347172,446.388448898002,354.662226273422,441.52984882639
470.263496702587,380.045880104243,469.577598481975,400.39105878126
551.247020012685,267.787204086332,378.228757679087,480.309876083365
824.724733163403,546.837111472234,668.62839303153,872.585436248794
762.768979182419,442.912695985911,640.195096640482,685.507214518097
465.328560266565,539.304473413144,479.225601000876,473.570774067915
513.151209163416,428.437344211297,489.817373131594,473.759211566607
761.619494101495,1172.16714331601,783.450074912548,984.673554028678
897.782365991628,1141.78916328956,877.790826634078,1123.89166705974
640.297826233927,598.110574641485,586.972861125442,703.233492488444
662.332861245323,566.245749954288,638.724455458512,641.635891170891
636.84008212156,555.937457746729,634.102755010884,605.363686693176
670.276415817038,714.290227031472,721.546837395019,639.931263982873
472.068354168044,651.726616975566,542.65462135584,494.327175791626
478.243179423936,617.065726161138,499.850832856199,554.559494059642
347.677275549885,477.659171941711,369.949091461773,401.796501644674
387.245432418355,562.295663761418,414.682702983544,461.981366310864
353.884448412861,506.769078715983,411.236588181917,369.702855855633
481.326502841792,518.62035660225,485.694665744206,506.593521770263
473.841038515894,592.87583867681,458.232565628115,592.743605382036
438.784030815154,448.232362697059,417.975317775774,482.982415209286
406.51644124597,502.097290132043,429.221004317814,464.452039416991
319.704381936478,416.100911163753,340.424999523078,406.015696742654
364.588012879253,524.001452824406,371.064573852147,503.551657697073
387.921074484145,479.463631845108,402.592165256907,437.691004496576
961.927556140874,749.203376243502,900.027910327712,906.370444491575
825.340781128028,490.576957477439,661.651557950412,757.702487703912
694.720388912752,671.422909186829,602.004934273234,828.487867698853
1062.2044422759,1145.00008617807,1026.92549381225,1148.19559444514
595.579162090423,554.62553092786,590.670806554402,582.127928034492
592.415894081582,626.888875022943,589.197446351442,612.073712486267
832.513640941122,665.163819250454,836.87841026725,773.09537505644
893.023175618531,672.877038534231,791.304057434305,871.295002650776
614.160196029294,598.84506391481,568.752785946504,668.361608541567
439.711967042139,711.130265185108,528.260479140717,457.293072905975
447.706590118097,453.251226577237,463.899250663764,433.024369798481
484.152995118891,494.015610828407,455.634239928516,555.017815917988
264.998832557942,438.598874322837,306.765874646121,330.89308022619
391.908898521806,463.204449733886,383.875306289553,542.075347993577
395.205547776402,434.417934171515,353.388207623153,584.232769730187
550.155729311032,527.672435716966,526.851471557856,571.857483330323
680.879934335065,712.59861406748,641.018555063356,757.290228214232
604.503396560311,508.419489943033,488.410155575527,763.18827905272
657.052173719027,438.639108177662,528.705363371472,623.262607447607
927.20835606508,1277.1909180747,812.230753185899,1523.41574321201
357.783740414386,486.597940635222,347.930206232413,467.2197486446
365.428468745524,413.710799344891,338.863311887704,438.360317915241
414.000898430587,458.999646847396,409.887902572121,472.072759031526
383.650999076303,485.090158530298,440.929661330387,381.263033391698
552.171915084128,529.762721178803,482.417239545819,658.188148957139
401.364204596028,385.767026149014,341.315981502519,547.857247498952
423.325350662938,420.737700093822,423.683870437212,421.20919422091
382.249152531951,672.440603837598,431.449213917348,446.00330403551
430.342977355937,544.321848284838,469.001967552496,437.505357992533
375.313687531267,394.43617991324,410.244605645468,338.161485895098
351.622525730489,397.632632092726,365.47306696628,355.764234690695
319.156278017868,344.120747052953,296.10133835157,391.956721405434
347.720351842419,277.014710109108,306.535854093872,365.613661108081
282.37354610093,277.207327454215,291.321584860158,257.080462982972
278.937014431433,292.862938701323,283.297450320915,285.573210595949
248.015965605649,309.091361724078,261.941227103392,273.410478305953
309.058636082393,438.754954412473,318.138026244604,360.522541282089
346.546540195002,504.085724132362,373.127071594975,394.236429317899
304.659188243022,525.850129021583,359.536377315715,347.247568931778
287.809750756344,460.070597604928,387.634637805417,250.950339064739
346.212050612922,532.751298570636,374.585942900329,393.401244940043
356.877396143395,568.108521959436,407.116287005166,362.075763382881
370.797266161468,564.98625001512,356.615202867874,467.59122378473
281.048049313956,504.07970465055,344.280911211756,288.044244854671
304.708599793698,511.853715445744,359.289110713582,317.180316478228
333.563471441272,478.265372227027,343.166141542201,377.996385844485
280.269330337778,448.183975606384,310.574180634467,308.539134512675
279.596548882096,471.838966836012,329.938458951864,316.452560887568
226.444516589658,436.345994390136,297.321917187866,224.74121238941
236.654999938469,415.091335875251,321.219172991249,220.49853383624
218.825037246522,400.059517044475,313.064391232625,167.830660696917
234.100136467166,447.894201816056,265.737414540993,268.202700216835
271.547782922554,326.888011765696,344.462700297459,236.82945964649
241.432829268487,462.904027134966,301.593731121786,241.769526992195
219.889705713763,576.401814417919,258.149105539633,252.355335032715
224.85001237709,471.720688879688,273.899808209743,247.361570845434
209.335710428149,432.479711889204,285.139472485522,190.290088033412
200.121612691744,418.783991518272,274.250235849726,174.818065162917
294.014270947446,480.283801891949,374.653872731543,327.765415898379
308.285144499012,463.001695028825,366.333912704581,327.168731358259
405.670863764213,531.864570909718,426.892290607415,452.250762695274
361.38104771996,504.128513649416,399.796137812821,396.718573189591
413.939711047032,542.434426126356,401.282137960121,464.880715543746
380.298461740195,576.929234466986,430.595220660366,453.138214545801
404.477713965736,528.516761562957,433.975948102482,439.600126519909
371.832290468898,555.27227127413,411.746639274609,403.506104487386
329.151691582051,508.976368252168,379.118089195819,348.491291434512
481.248892371341,497.215878865119,430.472786653764,556.866205671739
359.300543652392,477.330162742161,353.70401068331,433.360876509037
406.032396631899,509.347894139969,414.246187690547,469.886725409289
365.004586466669,506.589486002928,423.112099216388,366.335402580009
271.277965877964,483.618307102955,316.123119706008,287.482184487742
229.930333639654,452.570434344776,299.86271650188,224.975698619371
258.600764147526,451.266070816864,307.595314721929,264.688725068376
249.366253621898,421.673780727055,305.437910666136,239.57946216893
290.796398799574,459.335838432534,322.718861143233,324.174783954233
205.537524660016,421.492275392682,240.492736893952,235.001919013996
169.936361651766,432.023698215091,158.374330654644,227.181202990965
164.834892331714,417.267509112843,189.435754167018,188.061434273033
152.538377556024,390.889521036382,160.825759715186,181.0117400122
200.877263800564,834.784716839765,335.829893865714,171.976230990666
204.627999984053,782.755867420442,297.983107115542,218.26047877637
263.166936288193,526.667613617823,299.40290553096,365.591470060397
358.831434641096,392.834337996612,341.573599672215,387.345371919257
530.720543905677,372.893265603507,511.848632699454,538.707344453641
474.710477225777,479.346895704775,463.769287357994,488.437480412625
503.886668361246,467.04883717877,481.851708971985,518.272235254807
493.530382173156,605.870468225253,473.270944127987,540.974504514002
1341.4332955052,424.459887055553,1093.34032655842,1412.51808783938
526.049505566595,556.555484681287,524.039218929399,538.843157378987
700.064195597037,476.451377679267,631.890954512016,744.535261505412
527.365614593915,616.707079675272,503.029982327872,581.422937837904
456.178660071701,593.914904900472,432.035397395992,509.114395956446
557.254767542833,633.337495059563,525.946435964968,613.383183614705
530.942786567751,591.196044157758,486.6705957223,596.601633236193
372.135077923203,513.538250609929,352.901336197446,424.168931141851
2139.13659949049,492.693334963585,1810.78494575095,2063.4237243632
543.638489546261,480.239846178266,522.305318096816,558.273609568013
562.122406162934,587.817985006077,527.623627524314,615.20324132146
584.305237472513,436.93790855857,571.481673852021,566.153796612646
642.551911086974,516.635933666477,585.84245377119,655.414762307307
606.285756935075,522.75341218327,535.805404610288,656.549410942711
2323.55383827719,459.131520962076,1572.39221135665,2310.8597834732
644.01628922139,809.572797361869,624.197997482358,679.262180864988
439.052343261348,631.73262661209,498.930594429954,423.368660567852
439.36159041306,412.534978429384,461.725653746801,408.943339349711
458.689792417326,396.226708070729,433.666334572869,424.99926165232
442.260748194038,444.462876058866,334.355673614707,570.633166217788
302.059322931812,380.135235520994,292.858605260834,368.373330664046
296.234175914444,476.111661470432,305.444954856275,311.393809878532
395.690875456439,321.291115644783,421.437806539383,357.875119790167
431.649715900184,458.995756796349,419.832563028678,452.423815466381
411.368873786139,476.902104766568,404.789361465881,432.202050988894
420.60681586207,491.796567969458,395.255403034248,466.64423039686
398.952878750949,593.784400441695,367.082705156599,491.138976412118
437.849774042141,371.229855494783,426.461756031292,433.196526036232
389.739061422375,454.385431589185,390.532708454222,406.042270743182
450.613705068299,544.541323600097,499.153102059387,428.804460359051
534.251753041737,748.804877214515,534.551050465591,586.851251988687
548.368147411803,478.103165929024,472.309472889028,679.912225735231
750.004024829412,653.06499050486,670.703281818619,836.969539937577
797.914614814221,537.752453027375,732.641481195539,796.502558895481
680.028570377216,478.588662773575,595.634088936518,705.899338350588
667.720667054573,519.082953288575,587.711418250795,720.851133428527
859.224356103933,596.674236104981,806.11442453088,861.476633927337
649.121555374276,602.633292731889,594.384358472805,724.451365200439
772.547874557518,455.743287951235,671.071977449783,772.620102489088
959.646337533811,533.488037665985,777.684644452262,1042.70752929992
783.242897940186,735.899393040438,731.524837559478,837.084289900801
810.847918086628,818.587959891329,844.791152525564,774.0387721582
867.968444399873,597.659811425419,826.248207903299,826.565175616709
723.569818358307,842.400312853503,668.563618554428,868.524035796803
1241.47097212776,766.344603318313,1034.88346615838,1323.42196329084
1236.69916186343,650.831324625416,1131.57936386257,1142.18806136747
1121.04286052419,1161.8887174529,1139.57873341477,1119.10925664862
1780.500022751,1242.61189373997,1737.70574261712,1807.65164330927
1686.50947358941,1195.02373968201,1594.48105983957,1744.99587637879
953.586018544077,1077.16602868182,935.973387152851,983.625988784756
874.781249776891,810.143749403059,838.770216884522,913.467995537493
765.108132886507,726.238206089987,741.32821444795,792.818707525504
780.988065529845,689.273203855548,747.667134810983,806.447654368639
949.516986534892,669.652776320116,842.691927453013,1035.18231567203
426.582189624555,679.161394630722,517.326803216422,409.906810501396
500.163483841142,511.961096236513,498.639204012114,505.288229976364
661.498255229587,534.784276856451,635.250423459894,659.406855406793
601.191192379739,544.03181842768,546.261081108382,653.728181477896
583.062219867018,666.738591646928,568.652366708384,618.362766537748
521.926202858334,555.352797018851,507.492489433728,561.67605867937
1491.88281065145,565.323261339855,1234.00478910707,1479.14030593795
428.934570001592,538.591500875126,446.200938413256,454.188089728525
473.932064535749,542.365814702531,463.789973814378,505.996244255732
489.533882767327,528.082432016078,448.523205939573,560.973845372391
488.152417298993,470.648445217182,448.827104713709,538.429295483291
487.618697001749,451.281617944773,518.313721099034,443.703826953458
449.969691574471,372.191482158814,456.733933874405,416.981355939666
382.613074895754,394.1958719771,329.665250993811,496.988146381289
432.095830194534,404.796642402789,315.992134136211,620.673118661219
922.255786996852,300.569340939979,500.168026627951,1379.81978627309
385.064682858696,380.42043549497,354.150272872439,436.67408405978
557.774664080765,269.070940479475,427.204371595768,584.22300359235
1036.94504985788,425.58119073278,753.946009789028,1104.03543832432
308.342022485902,380.898470209466,304.65830046826,353.695804235715
364.686604156521,537.328496965628,343.447773071062,450.860870678034
414.346391329799,505.889643090716,406.474539366997,443.140010716524
366.031324114434,697.132304239605,389.393316325749,447.003918102348
310.953642398653,599.429105664234,323.901476942622,362.043341743796
368.637213215433,613.69074320281,376.967344377178,444.050783292006
320.856653128399,541.88083506488,327.801426432625,415.508588324126
309.014824336307,571.003584685697,309.516927699456,414.412487965819
319.709854242718,435.469592084166,300.218043771828,553.430610693036
234.793925621345,309.537283204936,268.62751446644,254.197182716198
379.087112613653,431.346468786069,400.348873459907,399.731341151405
364.042723828454,579.075604445667,359.777225977183,456.498608107663
475.525354160443,465.041078439688,421.67692730423,523.854247091857
373.060222296425,325.447053182829,350.246469184439,390.046410219512
376.62831124045,517.414249596415,414.169862654982,362.763085494907
329.557778902121,441.982679403361,356.071869365355,334.41164070296
408.505998787095,433.483960548272,389.007687556687,465.419077110658
471.266356664094,349.154009388659,442.360009157355,472.823451561908
1581.30922565038,559.564096554446,1356.42556670244,1711.18949258435
1003.19919265041,613.381243632813,937.048666967554,1010.73596037299
357.218430198136,482.153355149711,357.694701247786,397.272444104039
653.434432977108,395.144065586478,456.705022455663,824.907926928296
353.797520941257,367.46738804905,326.218121621938,430.129340494983
417.847000871412,385.894714805922,394.008111710302,442.031005404196
456.175763682415,422.223258657123,443.204484767868,460.495667773284
680.296037921578,550.992874480324,658.223505603754,675.182573769178
567.30600715798,548.709348171289,561.172942562953,569.949635293485
635.165932431279,582.70767470512,603.419158484608,653.663670476038
451.778695742183,717.945573162391,478.541421788727,507.080556250726
406.734584808704,559.679429908622,439.03916180738,418.443915929429
425.293019571958,453.483787616111,421.527995669257,442.270621076407
455.57769890614,341.370921643751,383.756994152942,514.514312273836
425.125465991653,357.458063386723,371.765650936304,459.783026906662
249.80382790805,472.146560771585,286.334158629969,279.212424027235
492.784442820012,541.65341133039,486.672226070634,526.270935404287
374.110484718751,507.527423042296,401.158006329895,377.493700515863
649.307964197056,460.25738916418,605.847871441496,642.796944892826
507.790939098471,513.053809101649,501.650243962867,516.504288450894
362.364903487514,631.00854835252,420.865433375862,405.137289146038
599.269518937788,646.339195864446,549.659763915924,691.367341886311
2351.60589846182,892.058743651338,1937.73076734379,2414.87066006315
894.886861136707,560.501059634227,839.125704762544,872.274755219641
548.341965174625,402.908187159943,480.562781991767,559.173872181923
452.119629339035,493.273841041562,494.3273748745,421.692863307152
389.605657299755,557.810514375419,461.264605781925,375.377969564665
632.700511464772,478.851707429252,605.937956925618,582.284718786186
2821.10534937883,653.955261088097,2387.49797637527,2563.6594900615
435.402639967648,540.833309706734,436.572340358294,483.203724637556
395.285870198534,624.170694477188,389.34844946228,479.356941448486
313.127425039864,491.916858592312,335.494390997051,406.431225769147
446.460148163032,600.546514984042,464.487713703562,583.13349894274
443.695604716341,577.238167595015,559.4527355151,415.807638194487
649.635361913183,686.909718100617,697.307878338805,626.827716706076
394.77525438872,476.682813171516,431.141889632643,417.560432238953
396.819730885537,531.819557060122,438.843121639918,442.546180954186
573.014310553387,621.263534475472,607.802084973187,562.843837281248
1702.54619576371,740.707772345596,1455.52188197426,1719.43120886748
1369.66895643576,904.619073272557,1174.33224627097,1452.59946104611
800.178238199347,869.532256601176,777.106047515566,858.394313219107
711.491026440483,722.652737363472,688.002861241554,750.861940977641
844.756714424093,678.168648077578,817.872498542919,764.448941714129
888.681601696405,733.29834614737,860.640120653011,855.192892321178
771.705229872121,508.052474327548,649.244902067217,829.467198423583
814.266955970442,761.140605289041,756.730841421776,871.214646632681
461.317618884431,623.187470241859,467.20041216937,546.885143440221
1054.00235693661,637.954849896748,969.599066270193,946.83931931551
733.048985582912,589.81681741304,602.192787873505,814.170744340662
660.985925404614,517.429406505994,606.201312734126,612.725636783548
735.712749083242,898.066981715332,774.394858754034,779.101848049231
1126.60677897599,791.213388600521,1035.02550873444,1037.2678866077
1068.47844731413,844.231362982741,851.566779970664,1248.6018459672
730.605713601963,683.961678069932,717.743910557973,732.826178403519
605.384949841245,690.728505049933,652.52548569586,579.584452253117
556.315326708062,605.494111933919,540.761458344868,603.533997842466
589.491758360487,691.411751707715,611.971121537958,616.965370427362
585.014772784556,652.014076232046,712.815912049388,508.786494413782
630.105139724749,574.421569487094,675.524687155858,566.462752744096
525.480464334909,513.75331684363,571.649973467915,478.718845763033
466.052840581502,673.84646433316,512.158366035105,501.998915825215
554.526079854777,687.235713328736,590.323450437815,594.816396175531
478.318691793868,550.74566971917,538.835576928699,469.38795558422
572.503329105445,573.534617496375,521.758430928642,649.984861286067
429.251143579111,495.315774432338,404.149890620553,512.471895363973
533.156245507564,595.391322094216,532.058004497105,574.932508066631
399.132988177917,350.230078576423,344.442346925195,470.439164204882
653.785337008428,499.917570675554,591.15736320436,665.894768038987
878.900427922703,473.676605786947,782.996039784077,774.017688917264
825.694522754647,592.774599306405,743.565009121221,863.184407297861
624.791778957461,591.85215994159,606.16957501303,627.833064529982
942.844142379341,1276.39359624452,869.387093039567,1327.56183805552
994.940922481859,847.131030272858,885.725364980395,1075.85804327775
1116.71044181116,689.462110023609,969.987101607772,1032.19681670377
843.358704418076,630.083296388647,783.543657347233,824.078602082062
752.929123953159,618.411966778722,726.348534207896,733.058369619466
1081.96379386651,768.936240613781,944.530476946825,958.452586477619
464.780606355108,554.981551312781,503.1595241629,465.370819746891
550.899741686025,579.676660531337,545.757395972666,579.093716565894
530.866047787946,506.460932396273,537.699161105147,508.24435169006
641.771280949346,761.338176062205,669.779486921806,669.072630774696
563.501951042382,516.424414982278,617.458139309626,490.33201389491
527.608739130518,577.406842354719,584.283676796793,482.438290106452
572.540173139661,604.76020404654,551.087044813228,630.527604860577
639.807968072884,398.73862470781,528.582902637699,618.214367486125
623.598631805571,514.33637614356,567.536756335237,619.314488572932
473.926013038715,457.650675490829,440.159101672006,527.287349249842
444.033730540844,466.998380858278,393.52694471166,628.804470465957
608.260042256362,334.58204241791,515.459603662882,544.299191578291
869.505802060936,517.859498180415,706.977341528641,920.979735725394
733.22198477718,601.597811334724,676.551907281265,746.222950685555
853.621323578227,683.108237836665,776.450866128101,881.246099151435
895.031673158121,658.973316868219,691.05436500873,1040.8176661473
660.473150224669,500.636593887864,628.795327673565,622.911989983646
723.621662316274,672.14429865293,705.595175687587,720.654271484566
736.744736192872,657.192577217255,694.745330617714,741.515841618319
797.229538052427,792.695298172026,773.962528477486,825.861824282948
676.641215868346,757.520662482882,662.606123277538,757.170400843357
516.674304939925,794.925332631215,610.897782230143,526.529988173567
494.483251370363,571.694112931133,504.093125004157,527.253245284113
540.219129124558,549.146332929515,556.024640816887,521.474678387244
474.798205636076,472.254376088342,524.006393499634,412.106934089756
489.664082743606,524.815657087798,544.625527200866,466.358327053982
574.076952856006,720.986086301102,550.349700131793,759.318669801349
686.91376977839,556.76575576604,640.898560767158,691.901423627642
812.892858177618,853.760522528486,824.277759178089,814.398746117984
1093.36574704091,551.613826839733,894.779481477877,946.905532763986
781.290642982594,537.730272227689,664.637365504393,770.160810630404
1679.22200011065,1388.46323920462,1339.43114073029,1982.45982226405
548.066799841622,705.097591696327,597.419531082436,583.06632429156
418.391861984714,632.422257952006,440.469953852285,478.991905903346
432.946936505947,623.774772170103,453.038358482663,508.301689281757
389.047548590718,656.172658223382,436.659521302891,423.359429791563
608.929540519885,598.627353205635,630.276886676872,577.756336761184
408.484875011567,571.927132403956,501.852511765858,400.253186724772
354.927209969531,429.893065163797,357.073060514472,382.508874004235
422.638196967336,608.472748893618,454.615797118042,481.971297387094
477.639802569352,591.814622226965,477.374799422811,523.134457229375
546.130094716222,525.191747020064,505.504461957306,592.044266048664
449.677039380515,417.30766337545,513.197954189072,373.417574487371
465.855978986988,475.803878540119,484.013884008554,449.226198777499
639.477766927357,421.883004055934,472.666937880792,607.689011465784
572.224843871938,420.989887734821,462.364943684002,542.902077747316
565.513836633838,415.998042460386,428.997605294156,585.373168691559
397.387261319274,543.485131267251,437.586297160424,463.593752334609
422.580284119314,699.470556631209,555.002104271587,462.440411246101
376.654421534657,834.755513009019,615.666099529741,359.502576456019
272.977222406259,718.92658410172,393.47768483269,332.069594617918
278.104345586381,727.567547791743,346.09132576181,381.718021171862
429.384533130152,971.115935985863,362.188291224859,791.946206708806
604.119677460634,961.246941859976,484.863439161465,1095.93710803489
619.665129144934,1208.27642798438,355.969184209748,1021.5570732071
842.405209346051,1077.93162978078,522.293591218092,1173.78880818641
828.036398603524,1103.13448732382,432.569178055632,1137.03211623393
756.024337253076,1166.29720600563,400.260668838057,1124.1684066549
884.030088820947,1418.14437636047,409.284231459955,1660.51738672742
483.948510161982,958.754671253301,492.584729052708,794.633703077979
310.659573182818,917.81346022535,306.95231785976,563.543964632021
347.527493700472,876.326514088721,332.734260205262,587.731187740076
584.814898207452,991.942739775004,428.858848639258,891.779321310796
627.372434755909,957.32456613571,441.212545779032,961.401367616131
489.654709985369,1034.43925262961,444.072885532413,819.24766598445
683.88756287251,792.105586296775,601.519709156326,912.097614258561
706.627103736504,670.483651023246,519.471440702222,865.240492644079
649.884520220768,705.707188527234,519.467033227615,837.173474928101
908.384168826826,752.688488056997,615.071448842021,962.946418189418
839.460875895871,1128.31268064138,586.639180555044,1362.44896123501
458.178236372139,841.670659708191,550.424073846132,583.308193825765
305.030511096986,941.14214584514,505.797736895629,313.934711661988
238.983936179003,756.624569946263,342.886671303651,300.778242499963
271.009221462783,654.592433254943,342.713019522485,348.728191791285
296.031173522726,845.858286303852,343.607585426422,476.558608180197
427.900688787844,990.437165222183,363.355915859902,754.409434576697
568.543827540411,950.269169271805,400.814106248028,950.15525682247
753.508857793787,1012.62796954095,505.30770873211,1132.66173412275
778.57997433819,1078.95810998057,424.675161706805,1121.98513669669
717.655732739899,1119.11528305699,435.154247028651,1065.55781419143
1014.34196183514,1419.59413493366,507.973683989177,1615.44740654471
589.971974916193,922.06904153526,634.902392800471,806.994204301532
308.05954570374,875.378561390356,321.699904623725,542.539246480335
377.62158372433,856.564174594813,432.437811980207,577.84709189547
417.141937075946,805.768974449914,393.340668272261,705.620651390679
478.340449543901,865.221959624722,441.501961442079,751.03241871044
436.409523367262,1023.76949128287,423.691002810867,740.567483163926
493.52592297044,834.052954706548,523.727799165307,710.515870601614
325.362704019256,623.633752983289,345.953910795837,457.219265337018
334.909907482529,630.187481176271,479.075493402955,372.183274132034
397.955389786069,628.281949838836,475.085030785773,440.099880548395
342.19738710894,719.022576659835,497.614037222884,378.810370229049
487.813509137748,768.682875680918,589.888064715264,548.445943787895
647.971641067413,1023.63809097062,625.197404308429,895.447006570015
439.568839821124,721.017577696375,413.080560711471,675.92319763223
561.053774409888,835.747690115236,522.768735148911,771.786607357725
580.56949540468,851.396840366652,560.072835918321,824.457854367166
476.986215244925,829.765070160255,424.052487734649,777.999355932563
401.848391646765,910.073849109777,324.773803279211,725.758028251186
548.72577009892,797.921606332897,492.518843400255,822.99626404933
522.714362116605,823.557432984582,399.282810042841,784.150360650446
643.174065741755,937.57182957953,484.168723265065,880.614537414157
876.162479999989,1120.25663598323,515.204498714273,1191.7693407876
838.637439642349,1154.52749901556,590.023472528325,1137.7752051468
682.945096513652,1214.93780459716,419.519518000708,1109.84249755776
402.367817729668,814.761326853659,444.584353892601,583.614045575048
454.642333816665,661.539137674359,380.317952347996,619.321320964575
422.858828894725,653.067090003961,447.656995701502,599.003985785009
357.980660290455,695.045106362895,336.849860237435,567.579221524295
416.671467159293,769.602610263133,345.377188257822,657.311413556229
659.5859905213,865.726891701977,604.433810572801,803.427424382491
395.723094484049,547.004120878124,417.255227205862,470.350938559475
436.059278297735,837.782896990238,467.842436877473,627.946513078307
353.695895339767,866.523847206225,370.760131389642,518.329553357982
304.037980938669,753.927852460845,357.238493997657,380.953993500995
351.968582135286,801.84486225757,428.637523387945,461.41984743643
604.998927127068,672.85092103589,594.172875927967,699.126018885069
379.362788241701,462.826682470775,375.226997264446,458.994364827867
492.328587020364,398.939408658584,395.107830885465,700.075944311927
432.459367667547,299.615438906264,317.800506214713,648.359971639013
388.999114460802,249.269762122414,285.335412733088,466.200620911433
452.685242514218,349.407780897278,408.345678786177,423.909419045769
589.453168322643,473.62618141732,569.109998280978,490.054246387244
616.29631510561,512.367641989012,613.854563682851,493.472458399957
658.096761697804,564.788628071573,730.602417556831,509.079105008445
652.289460747905,760.836889603133,794.067824109133,532.834402287327
668.731054571606,987.871792058917,755.505605445402,771.322491859927
982.808367401988,1046.32388565035,895.435909755074,1188.3763232048
794.765044193535,1031.54648297858,776.053306380443,966.645077901366
853.059801879043,1029.94968082104,862.772677439883,1009.60943622429
578.968604096895,652.987269480616,589.659225688129,629.620761714615
627.958877566267,678.004670691255,629.495345329711,667.303187853696
701.996463719618,771.813644769191,699.069587042638,771.957204427569
642.691998941739,675.67146498514,601.943461220343,766.071629044183
842.190037029454,916.043396949754,834.769752036584,908.541489087511
529.536982388714,548.468301877159,457.215661459838,655.862355312453
542.059072773466,526.333752505889,415.624523152879,718.488990495918
599.29784829291,692.020095190248,455.35543247489,764.761867509137
633.031479909876,805.648431279407,478.454525668588,873.556271214141
652.273840118002,645.409352184405,622.467596062838,666.006017707722
904.32445214048,772.964344180699,872.333382159935,847.571085598436
803.337085996126,662.078940583038,941.757125159486,683.168750535864
672.418304839039,568.076639144405,929.582184043536,497.51069932482
899.281945781995,918.118196443736,1000.26925887688,669.068117897193
730.736509484647,888.498238718124,1010.06445063831,415.350946662712
760.082007752286,910.913013040593,890.535152347251,590.585775408207
695.30561333906,853.514675467328,771.763750038253,695.276623417739
650.801193752947,904.461077850438,832.582426819784,556.543837757818
1229.56185893694,1087.30381998293,960.390849082097,1436.70122458666
1741.34661404634,1571.62946167264,1364.38925600026,2042.78076303601
920.76431671186,926.564037549645,864.109718522206,975.160824738325
1005.80320349994,1022.44858235617,968.74521447846,1064.84766560826
677.739174960327,634.684274383424,615.385191307661,718.870629402163
636.565718870214,770.939788299521,727.128965175201,653.651403147066
618.649838799129,663.560847339269,657.094319486961,618.195364448565
1017.18078407793,1482.24335090501,1445.35501215879,949.523670160076
934.066295812288,918.993746174713,1373.46318712193,705.790425273148
545.324916277722,443.707209961387,571.464477683029,489.564252880203
501.749702054247,450.393230445353,524.535595796617,468.905701993934
683.72252090113,741.453970330119,757.885779455996,606.821129470208
620.974700651885,670.155629786357,699.557191639802,500.779133057921
714.056058148389,689.866671640618,720.658572283131,672.903019778058
592.394862004181,686.245915917918,682.954424032882,518.073473429241
637.998180479627,648.466785610683,653.43729048843,625.897918743084
421.50778195796,363.302967434795,391.297172810347,431.87003078278
1406.32664821332,878.449593077186,1329.00936427712,1173.88788563228
1118.25751784633,1070.28187704844,1175.87164509438,940.189130732272
992.833342951702,880.203719136947,1054.17684499913,804.538400124363
1414.70900907786,1014.78043784698,1550.87865129975,1022.38971407291
1655.5009976498,820.983899282613,1430.63815295651,1381.02535732649
1107.67695919295,1126.29411186298,1049.27365374208,1203.03408833574
977.519917551606,2014.76085780723,984.44381591343,1470.27041069717
735.338991635151,859.662516219275,730.445904992971,814.326169040645
749.399163694234,878.614458265862,791.544360382558,780.18707687191
585.631365148669,669.90736652641,589.87699360179,653.014120637106
638.45839841111,708.044393209214,630.03958816274,724.089012195357
636.011235573842,691.122644925366,674.677470281954,613.086144780301
646.758582320544,931.366113851382,590.457924262194,913.72849339946
577.009795631526,780.709154688471,588.840353248346,684.707658010365
445.724924819925,502.505895374742,419.482218622077,521.032432485031
505.161211488988,649.692079506967,468.059342998934,612.825129897283
550.539438339731,729.285936197734,472.783283357734,732.524852149672
454.479620901592,598.097068801249,448.38075174227,501.130725608334
679.854410496487,558.447156005521,742.307801397037,603.257776178316
609.04046171694,375.164171466506,781.792040353039,432.573428087917
947.747928642473,934.709262988495,1169.7601729803,619.653456760189
915.39003313404,872.613188403254,1028.36468188977,636.120028176168
776.161630239522,881.138057644131,929.437641110557,580.710879306591
821.246337114875,861.53064116067,947.136996824458,622.056891483285
746.163449489988,855.499270650675,791.41379503949,710.673104988808
643.488199696547,735.134114951296,718.318506576848,594.751973500327
589.269352414119,668.24373679,660.328531392579,527.285738180519
832.034914099606,1148.28578426899,806.523929789015,1036.3783430527
1364.96774705583,1701.96470642292,1465.37006176673,1391.36643831895
830.51960435703,938.555766138315,828.920876191579,901.026075434933
724.68322064597,901.461695956542,748.434152785935,786.541598214969
545.946817453828,727.535998256697,558.195075619929,649.97465331821
596.670963801175,596.173740152268,595.770726929233,598.295793225024
469.139987877544,555.844407535369,465.210965243965,537.430879622216
753.387305118756,744.696213830347,638.746358798187,934.253793854667
592.181334957855,666.043438835922,553.176661216146,775.036037655186
588.237990094059,564.874407322087,490.999960423601,761.009925100261
603.786782012338,668.90995860257,518.38046451381,773.214192460548
608.526337895951,595.186445107313,610.961895588889,590.342745342902
498.973809891753,533.519876872222,447.672220896723,687.475676859715
510.035941813867,710.679298277071,518.08699723811,696.772642735668
606.5757413752,676.516093203587,598.190451293973,657.262464717174
653.944530897109,684.171394926541,636.185294784431,683.080388252195
488.88386092689,521.859490844122,482.690395413118,505.325017563275
1410.58630893802,511.161779078033,1215.96118013993,1361.11784822696
482.823010933228,645.622006250803,502.302249851387,494.945723861098
745.926266682638,881.935965832285,703.495914474013,817.160494091019
531.890656308637,764.484155622303,565.698527562,555.515825644529
479.609277662164,608.352918684237,490.023005547387,491.708629544468
606.6356518197,502.536900059213,586.447210579641,615.369995461583
626.234472202379,544.368514259868,625.042566878184,611.163412155468
357.156878570901,508.913852527183,364.086051400687,389.762608653403
1529.21562951933,655.22025992187,1409.76929204148,1446.973286893
580.16520814609,646.38824146977,571.696782467784,599.350600559497
669.068381279152,659.68077061811,657.194432473888,681.239424238802
547.951867385866,399.965371717715,542.520268793344,521.268327119028
569.070291979444,490.75009627982,570.768944029364,543.506344193429
463.600304915314,599.262565150605,519.021823646204,459.01948989798
804.798618583442,497.987272506849,942.411807774395,636.233438450401
697.327472396551,552.071532547286,672.218548126627,711.978275469535
536.345857346277,526.210735604954,523.284688332359,549.552247626413
441.670068730022,518.744375959413,410.823175875577,506.861735089682
368.384991151662,699.219208502907,363.228514035607,424.867988052856
390.476133554848,799.233744627233,381.320300608903,445.528087127957
406.206310734576,693.140134888103,406.951166027696,437.68753598911
463.651978010993,469.84332660362,457.623055188684,471.159935926526
472.88689322412,492.682572546354,472.223775907854,477.10385772181
418.869326784344,660.898496663163,428.1227533678,486.413319514307
445.143453869078,707.776030891327,387.435873383281,637.008973685989
721.470155451668,681.648261861417,721.437701360257,716.368960781807
626.388370215876,633.89401629889,591.866757109874,671.915219114162
892.850587188727,887.018689478417,901.102088525604,883.598771698228
848.419897438422,584.340238245588,800.124769612025,824.855165947505
860.608013022909,761.059713135952,865.760289352088,837.327334887236
655.408682216046,603.711577717056,665.866854570651,633.349218891876
950.023463637553,608.230663276204,898.489146120649,944.336256799819
684.235300445266,839.482812816479,698.69784080478,695.933800328896
899.262456037928,675.184511631558,872.688363951053,897.637192074894
915.938738604039,667.833458155242,864.40222809512,921.109760786858
747.860434290115,717.767920170317,721.034290568291,770.106513829127
883.143163052236,592.721484744163,833.419744035726,878.859536837574
749.754167458489,726.292026340646,796.72516277437,698.887335591307
828.132015024132,805.628723470969,818.794696696571,830.095514326005
994.37545395695,731.153068858465,921.760889145829,1001.99621490755
1119.5104269801,989.013739916916,1099.64081672219,1115.40653998664
710.560873863179,1132.56243289708,787.321881637266,773.46719894268
307.203253385729,898.648596908126,384.332645921548,491.765764341934
233.480965189527,327.757492738312,221.648851632299,380.339601129791
703.807913532722,787.416439623663,677.085430779738,931.140454468269
844.108218375485,824.244199459284,836.199440368189,609.407170115823
595.167140083952,587.840354516254,597.957264789491,535.185344396552
711.940743672418,728.466251918632,688.199741399486,784.358986098964
514.269025737716,674.348919996735,559.799961702913,534.392974903286
396.051379059564,644.350907173125,452.501363989498,395.786493777507
425.056416097085,451.652298535753,427.357607708987,428.739773727409
492.438305108053,492.926143789298,492.190047512631,492.817776638295
532.995091526575,637.042066480022,523.430876670896,560.439811895897
521.240555784357,584.2761737138,524.467459891909,524.775830981473
596.763407307896,467.875586381768,526.913913667015,624.659217067655
511.058305960465,502.316004434836,514.726735577644,504.221761432565
615.57533919414,598.468843322436,592.655891952471,644.025405273077
477.892267685959,856.227838566726,475.248885739373,564.887633613505
398.032861356642,627.423454795727,428.090409958607,415.432431571018
402.946554017404,636.179071783829,429.770929514561,408.813611496108
501.941225405644,551.960308381719,511.430573526098,500.459581669822
370.837206374048,454.886005901075,418.388914254428,343.425980847303
403.771807727688,372.781479639561,423.6327178276,371.100148862817
587.726725304896,509.526392090422,554.764877444381,599.175141941266
514.179552647084,526.8966760316,508.636298916227,523.918541458786
403.06193517885,433.673144441591,429.563831701853,381.33164658204
596.478266024547,354.423162125487,619.761579302231,523.074860984095
593.284377274587,529.169902680658,539.950663341743,651.673697812189
341.483823541564,616.369960683181,348.741358554919,358.190063366829
426.184084197472,509.476766612709,450.918562240427,420.84177898196
432.202368731925,470.590871968428,422.925639118995,454.004850947802
320.280116640741,513.610426862131,397.535293961625,327.200842749595
397.375815393647,568.118640606398,389.177566736432,453.109377349029
504.333291111341,673.221897397591,519.037164871558,522.944488750519
380.127023833308,762.35697102739,425.967332218799,394.387680649964
371.783341868603,532.158270936416,386.650197167378,387.526979461032
336.858855324853,573.424499846612,352.272670967538,373.198023422144
298.200272979332,441.050389168856,323.116016970677,313.850507817137
399.95884963021,609.930755182427,411.425017536308,563.267588983184
604.022016813571,684.598095738573,625.554293419946,622.352226132426
665.783734720099,613.022900479601,647.835571342962,660.586425240312
362.832934232182,497.647602953764,378.165798594099,381.376111453494
383.537576022713,332.666530408626,415.578332492732,324.839833645208
473.550780431122,402.133233079852,568.749983652379,331.779591066768
436.458947776543,407.158562583749,444.977675609042,420.311776976385
520.97271658799,367.648509104641,474.005241797218,532.974615712081
2632.09347692683,438.253539242794,2064.51694735025,2710.66823917707
572.065900258371,600.762376165011,554.587363007857,597.115679047251
760.034962134171,538.550398008766,639.882363024951,851.471778602195
508.871249493851,370.586424461606,469.725421425449,489.088992665729
260.269980350545,360.127990395855,267.745296617653,266.58364729758
505.224215585929,459.419873065179,505.992368809111,499.196858061977
578.082415649159,439.330189491495,573.653285777623,528.631659923283
737.009152975223,436.366680981386,722.229372669932,684.598968431944
523.244814323984,476.749916804578,535.401457837648,503.652250711377
632.009538941507,568.500152438485,594.07957763564,654.039693758947
482.591518863866,642.133525715189,470.861011616984,542.213823476584
422.615756116825,511.30671214365,432.328738842488,426.495864792171
559.668677199467,438.374644362823,536.514333121199,563.246457680782
556.627930194902,429.940487114836,544.551138855548,519.419428104187
584.903882652894,599.215137525767,559.573238324151,623.719396220525
331.639761822979,557.427668460622,365.144861958443,377.68006064533
468.685212225495,551.165290451938,475.477542751126,481.088428992432
477.195914542228,594.032169876572,491.816420098159,482.295965182364
691.981751642016,457.892881023877,657.038805509525,653.463278823228
486.940633786722,470.31987082066,478.21268263523,483.015039866606
514.832571481013,612.703486472319,511.54729009749,576.850907671602
700.460232270447,638.659478765783,658.267243293104,725.096820422407
2523.82343100377,605.313329932241,2008.29257507976,2413.14978728362
467.407500028511,564.043368360169,478.765892704804,489.348263859119
488.048287832281,555.827527610476,488.874273795743,504.609568462629
490.961153168301,617.933656872629,511.320656111378,567.71883001636
437.472055073233,563.19384439917,461.801677837103,464.942308198544
347.406409576496,578.801142054228,412.784043474852,346.723110616654
1211.97275927766,559.579462208217,910.581305512437,1352.0426968741
1034.75137232334,524.488151064629,830.7835139676,1152.96707387362
385.254998502261,657.65764373874,377.37622525767,464.496353261598
445.906697504738,614.779218672613,454.829785726847,485.999904223604
385.977091016105,520.129516537635,337.302866250179,526.603527801767
397.017756908409,578.687204785993,387.815258450881,557.573112022974
595.295099909196,648.446062329635,572.084125773011,704.874112897756
498.995081485586,587.826765598788,533.736316318313,527.915223540698
626.574806931751,602.782896737709,610.487720530606,627.841256946366
732.645834028895,540.301608227041,689.44447814928,623.819061506771
1076.77978389376,657.062039308055,989.684127081944,961.500328251049
741.588904102798,890.055213964387,719.259574157456,851.776206608015
613.371585797991,463.409129957519,584.586974999528,564.013719533729
432.288934623253,646.051664850375,489.320243345728,463.37432793538
557.123103370899,613.993753890789,655.92063154096,495.384149696358
651.295896406122,591.184951248579,770.652075097102,533.783298219595
630.205253492418,580.667853705675,606.685533156958,637.090060921582
788.787509133917,722.055975394114,792.112689236807,745.545862004218
605.701374889585,535.72406492787,682.288006487434,455.038806048375
697.179423599157,459.830507005936,708.281518159193,505.035204497958
686.275486244249,614.052869611078,675.599623405,643.421768434287
479.592578177205,523.478704890681,513.81883472116,467.443511140788
766.172908779032,964.165293077311,794.905438591914,824.607758568004
945.878323719561,1107.82729403111,867.654409748835,1197.74870250177
826.532612144387,724.549493453512,738.060747475202,926.88597629545
766.118257120491,713.72442871385,734.108980286437,791.670533933794
542.554004277696,705.869287991452,581.429215713798,563.63391987528
588.558790586859,657.199832080539,575.473576225914,631.076880157007
594.976809816989,613.761201895133,590.336214814649,611.36930840637
693.105690750721,833.492735274591,727.854889117676,714.118527197499
589.606127877474,719.446559268702,634.656260097233,568.936052938602
481.693630075038,630.43840002562,547.214392734325,483.890257898348
449.799499849123,461.81436174493,454.021526062465,451.082655907421
559.235503410877,722.988172756391,612.615581066328,620.787293264958
509.495345755879,514.576254628574,537.360979800801,467.553329196616
474.103212130531,545.678497969263,468.605669010999,514.968981515327
540.603948298767,426.896695347998,499.502236468589,535.279354627272
549.273353441845,662.623421267079,605.514792560534,532.513256449619
545.554514259068,539.85963279293,532.180190958176,565.656827477315
659.15234959995,638.361877356283,632.172150740233,695.201482376417
628.132150323575,649.571145205745,595.808869733838,708.988420808236
624.421568509336,516.278641292504,571.530642674685,645.052923983362
527.067641461336,679.948074536602,516.765090441984,612.77406010529
864.606457498759,1995.03130262353,1165.28763651491,958.720756620567
808.529918154687,734.935942586352,792.611682015088,790.069720194899
766.900781311135,486.939557446873,705.993705476336,612.778589108354
886.882889113295,485.794881855318,821.733827810039,725.616572610664
866.449216208276,578.786960140342,779.447442133327,829.04196913012
961.295899163235,862.979318784619,814.692000976744,1163.30074225144
517.532249859231,547.407211518122,519.921358892012,542.66094814306
614.1119652981,619.117113413523,660.294667158194,548.88918326909
628.290418898562,637.133075933681,638.267749049795,616.814713664109
587.557466563101,605.555643567071,637.217415310982,545.29044559923
590.679201926663,636.11620691102,598.668711215792,593.066037577573
615.09868210103,609.227472102513,611.043305804624,618.130288532547
707.495327853248,686.014632228906,664.6340999006,772.393717124086
674.209568322913,575.117115093913,606.42922498644,742.302283840167
629.725531663196,604.228088941488,594.208992311466,661.421571802038
470.282697582056,526.507274894335,554.359180526786,382.300338735664
375.07386413445,539.502875015669,478.245770443463,329.374541822169
695.121821742678,537.837144639087,587.645883145567,789.449067380416
887.244522014695,505.192181395681,737.791952431551,885.018257437677
727.321471661644,590.024444710435,676.309003757903,735.721787982861
866.068048971593,596.058000085921,680.089539902469,1008.67747709999
748.006069103622,643.644019165755,671.840068829725,818.89517734647
642.899821966968,426.56012205306,559.036024054586,645.113203877808
798.852281039806,774.488610872127,782.786681225532,812.131540982978
878.808314894599,794.827002152127,833.541920880357,892.794590598975
900.376086918241,722.875450676115,787.265227792785,982.169578996896
619.770164595035,704.340909513848,587.704931985037,752.142089951503
385.214514145709,618.787388601076,471.050757669764,392.126944200753
532.453943738473,643.16185829651,540.026456860118,591.951342735386
453.10600758461,460.77939065786,525.324499482163,362.975501861684
446.715436675448,458.01477830523,493.183147983208,382.462681062194
443.159704705995,427.525632157671,384.062857778494,553.703311978849
526.647404748094,419.859744849454,531.565690111876,406.368554507808
601.995065078887,487.617245469084,613.296807041672,550.702649377067
903.94862737892,818.329988875108,884.022664702301,897.307609556029
705.708021757202,542.672331886944,640.177025951491,682.890648194839
793.247083307086,670.441448592272,735.680450297237,793.246690586619
606.985258509517,707.455063533252,656.263250429134,608.198399819626
389.368498039873,672.50285988594,516.157206054073,356.299787312904
473.85801326299,687.403687733251,470.933044261982,572.101902204248
454.042909097275,441.833826411136,458.014192837605,441.852136492552
560.617681110032,636.006779197525,618.374932461135,519.965685620627
531.737661199838,705.846339810784,579.192105029007,536.525654270424
401.948915571142,643.964943006587,398.206168757948,541.87853469966
463.235946904608,620.038421132564,520.339774990648,482.657120356679
448.327990564085,616.861265827784,585.687743114346,422.403159257719
294.236118657938,548.481949610578,369.239168276611,330.860712462442
282.021142104883,490.063167350923,356.625404084509,293.456168490549
409.397597430461,658.294370449147,518.084432055678,409.819948697256
914.159830013005,450.395430498068,697.090619680219,967.735899641407
999.062521352965,787.28105050838,912.694088355808,1021.80583769526
680.148647357283,535.939390102777,583.051465350564,700.984245623526
808.74945981791,695.057929110757,799.813810540034,764.55686832321
541.883180432507,624.80812979469,546.345182421642,581.131451423635
470.800722007011,508.897032449801,506.551340155892,450.322456029352
790.269460895019,831.499727096325,686.29619923906,989.855201034179
1059.46976018737,772.974037834471,849.747012719901,1178.14670773454
1021.07248788944,1294.02934323192,957.888898217043,1220.2223404447
849.636558482515,655.946319691972,770.036694123173,875.833518940421
619.834152242765,647.694412749212,635.106685833546,612.237718501637
534.907841386386,588.632892779494,521.516424268207,580.679355928887
666.791397879148,875.955467601536,661.371848767646,768.809654119798
565.845293048492,666.631608625805,631.648699347242,533.196659303706
648.673187675143,751.125274003484,691.567496446791,640.41131751604
425.44704316502,542.554839141607,446.253724854505,455.262311673526
414.38604480266,564.341747242564,481.644263234265,415.964360167488
464.57386815018,642.389604166245,473.301768005486,577.475337432581
371.409861850777,633.635343100552,551.997107787216,323.626132434261
397.486857818987,399.035096291284,385.638051782632,418.561929165025
425.567390908573,431.43354278741,387.772115948282,492.836546547717
483.241859024021,510.929878985333,462.070785603086,552.53652483773
410.155906981004,407.951001232625,376.586177414871,472.003220234214
581.566243065221,500.689279283316,585.466936653278,548.375011326407
754.595904969445,363.380034320244,601.812090648041,677.946314004981
791.11360411619,546.783231435251,728.223922207548,730.661808464052
586.469969332366,577.271859859467,551.160825600007,628.292552507387
561.110410364397,643.153990516794,616.464904092236,551.91757883892
1080.09449742686,1099.50362513367,1024.79777038091,1167.4073062776
783.930961735924,607.861704227859,718.897832666332,739.215414847708
820.0662590629,530.996409425115,670.27960334552,753.222900454767
566.349086656898,574.573099863716,575.119721720517,559.561820721643
672.077019783851,849.760134785959,702.528273683528,730.681012556801
1163.56650191977,786.716509143982,925.338920129551,1129.62140995497
632.713635606836,735.780311025066,662.104593686507,663.875354282194
639.888490848732,743.988815125333,673.22798352511,665.45411428779
629.486912031143,798.54630066161,725.392364075057,616.026621010576
495.217271334315,599.387345321036,577.231242340704,468.673001477787
582.478089963468,591.259209745079,568.825774874367,601.181292868087
662.762555876288,671.571911573211,647.332788301778,683.12283703848
513.351432178758,591.647352115917,596.713192702219,460.662021647002
486.733429166469,438.217113008596,499.458895917175,418.810236706055
598.153245886557,387.875655953533,485.073571736523,606.671135426877
525.681315390357,467.213494187307,527.2355720848,489.959782687886
482.510676555449,489.621159761622,464.261649947713,511.012232787021
665.722708758801,569.649251889265,704.71936548451,591.966781831479
776.088025790828,537.567169819145,714.872546845818,704.069578584249
723.574804199576,663.274769095323,704.838886816752,718.946864702233
892.301620462696,775.035006114478,794.566331855627,948.002542883948
664.196087534778,779.554303521509,687.015559054434,670.764559427555
679.90547759986,788.583001582686,698.484172665736,694.044903233962
841.960063682224,491.952311301662,714.308700845664,712.290729364953
880.214828051318,802.728752213137,745.770673907639,1083.36626741426
879.928530971354,724.801267156529,822.030552623267,872.701416123979
552.565091005606,932.270759254924,674.942081110109,556.225825038007
511.588721128762,549.986760072258,530.241480180112,508.843824849282
615.311061109659,616.050040175217,642.796668713559,582.936149941606
487.364495189885,440.582823183007,485.60778754631,428.237509188991
444.729869688158,467.022079211337,514.159212951318,366.077920931198
483.243249491175,512.192049060041,568.462705535407,405.840097697804
661.590388373366,725.481819139793,718.859312347476,630.767795670717
744.132194558483,843.761121663807,765.308557526641,768.957359824802
753.500260883328,784.041281656243,733.472418438833,801.697399152452
587.833444571749,544.688084105031,596.163399059803,551.409964570251
1014.06289543361,1362.90625718834,1144.2562857691,1090.38529113226
478.945736377463,567.123078538931,533.537614003578,467.100735228767
482.73204604383,576.7928912364,502.461014217173,516.681150780239
547.713163242176,524.558993549224,560.016671320751,513.003840387718
427.673110485239,387.931644557906,461.556419430017,349.257182628928
480.815570113572,577.418446220319,562.222707898263,453.836996167057
438.303798192018,511.314824288687,402.042758357344,566.721112257005
652.755787666132,632.779820378721,633.95193372788,663.548845671171
551.272325910976,883.407410948922,615.872536243351,675.792796929656
355.690071276188,493.342379446026,437.428918381412,341.75944335806
402.810408805128,545.884920580842,446.442602866132,431.155740672157
465.631557761164,434.072841568183,454.997942096385,442.583342630742
311.965081643079,337.980931908251,444.057487531507,260.570531992729
429.4100374414,449.790196285042,474.744824922454,407.300299537642
695.953936749435,707.17383185385,491.759973098736,1100.31942748901
555.588980611693,472.201058327329,442.976181782669,711.383371586802
599.093794054747,504.064837841416,460.523236365146,744.970794967379
457.312330761483,453.109726735044,392.409549181612,563.309084097881
507.065764654148,473.613021595763,431.025968158922,636.528303541998
312.011001847542,528.120663330383,408.748720229276,350.745474606214
222.114232716893,484.001536238188,354.58030886981,187.730022415819
306.261291760411,669.794083562718,354.076943110122,449.671922309842
817.25474308173,1389.59399178118,284.066721766958,1253.71477835987
715.96505198798,962.48968753642,464.911343310511,1273.24522515379
801.036960075342,1076.95390091074,450.037220602025,1216.28429277889
672.553980317476,950.425502623687,412.266239493425,1152.90493908005
810.61222298563,1106.42606389863,378.350837155701,1216.07051192117
479.605364837023,659.842936091582,388.35398489078,962.29485546889
736.813187296964,975.453725969051,367.482248070495,1418.41230292081
484.917287974521,675.237448520821,390.850348308765,901.712043489199
479.217169551975,647.439575145431,407.453528811502,798.282801169315
492.442947801923,597.923326031661,401.37458221875,699.002980202163
618.873524792216,720.765150014096,413.835126473066,992.532881124258
764.507781616774,863.566158044532,399.420623088907,1144.69499802187
651.617821677477,685.912483036539,484.437054688018,1160.03513023474
779.855164708674,874.875414311316,514.190772297787,1171.70665191161
553.789755732617,514.138626555155,429.631438510377,782.9073001455
610.412541151566,620.427970360919,435.31617984794,925.779553318094
761.121269413115,775.111210398729,480.65177577215,1060.06192682871
665.855672981101,668.879014257118,516.633529054133,998.746038900574
655.198399683891,612.837830943153,533.510123806522,1013.61360724343
571.103099627545,641.841702065423,513.307349096035,750.259925739585
459.135961638012,525.980435425863,483.988416161672,471.484194100192
535.006819827065,626.077100508225,505.060010532365,612.340667747806
714.817495824201,893.583336835471,543.232598520401,918.221442758912
732.645500726985,827.171712111503,520.923916891288,1121.41740945619
947.599438667207,1077.44876759542,503.438728162147,1264.38457435055
776.934055130254,977.0963612956,444.961022716401,1176.71862365795
779.182971835809,1059.48607015247,447.179873248132,1065.84168356528
569.928712337204,681.501355083481,434.73379498872,922.327725102227
697.743247983591,881.594816100755,505.68884426379,1039.58584063928
630.379581684537,715.378009449082,522.034594317296,892.006149988988
581.033055535486,681.306684602138,502.078512754029,724.053190044117
556.102139842992,673.410196935854,430.954696373706,772.885849072759
678.128604090832,826.698153846668,419.141949771211,1010.90095248332
641.41580798259,815.406139845927,411.344098030796,1037.2347581543
700.866347424894,863.787285144719,494.943815494966,981.483711308707
425.383668548716,841.615646779824,392.897241785235,536.147022364786
747.514971529868,871.630934933764,695.600648809394,812.909825838391
690.886178771529,873.831123170293,659.025238195532,744.935307387003
1016.00228852149,888.240266703386,878.761657401285,1102.55552377034
965.365136359423,983.97512556483,861.696493132085,1057.95470510668
441.24811295234,858.235743796149,444.280642565831,466.255853647871
582.385518731276,1345.23104927298,564.829853016781,634.200721013841
469.695092224624,996.269887101639,449.512741244211,522.089128122161
348.166986628131,618.53233700502,344.116387118517,362.18696453311
813.988252174637,734.882812919024,718.718444084731,891.382001955561
744.54216512839,875.182556466713,629.357957448876,859.236176181505
293.674312914069,647.197386660018,290.688265255538,305.28901615144
326.666227032284,512.898569089062,322.906431610284,335.105390591707
256.415015646634,325.048538559925,252.560537333707,264.010918389465
237.5761761665,283.382948449192,235.176358345221,246.599666153866
240.554942939682,269.645520827676,241.895063697154,252.42626913398
263.502890805028,264.019902548506,252.410908204317,274.2391362732
277.951741698908,271.455063263395,266.379208279357,282.059188407195
860.124207586888,262.285082579424,485.883020578051,450.406514194623
848.744923334185,523.495284843815,821.577889456279,864.400476983861
709.704451534494,1322.03359950945,701.902426076418,718.177527857209
662.217416345079,943.904919574417,642.838115103026,683.618402877534
825.846583594429,1035.75278716657,792.348418908929,858.425491184785
743.04562669394,713.868986434596,722.339306155043,759.480633201641
463.953805406548,646.44797876225,468.095162007189,471.289570216955
598.740097217546,537.333321118583,569.229234048988,609.220949922369
758.308249321669,1200.83025948992,662.063937250102,856.901406338299
1503.98843683812,1649.49976099345,1271.96273329855,1705.09317257507
346.3618984623,2063.57335392316,362.052272987257,380.605979931808
303.475724469046,432.175738675914,303.252093140842,306.994465021024
279.124526711236,323.118289477793,279.316339127346,279.514758989857
262.301547423385,331.698175172028,264.582036324483,262.554991597554
249.604975706042,275.224184387834,259.00458812719,252.205455787903
260.136625941504,270.875529326763,262.035053874993,268.512257231514
280.273137903788,269.362598322044,271.741148601288,276.105714016516
320.395863191379,268.245746008969,291.276930997749,290.698204705774
583.368718848585,281.644161349843,389.638684002997,450.620431651019
723.55470511911,297.554154293778,604.266657301956,638.335365072489
329.978914709025,1084.86144291906,321.68564596568,339.307886110873
301.768504143905,380.773964599083,297.287661033409,306.538545633532
319.274825193749,325.333899472968,311.615068003218,326.265455683017
302.995239024139,340.211950679187,293.02975665227,313.171670990624
259.445207080361,289.24106189837,253.771271360985,265.87422915422
271.179259557402,237.166957368427,259.187510674469,260.922086817274
293.152514612357,239.147017602717,242.431742015344,304.265842979282
294.09788583231,240.079747181044,309.818551607135,247.891934784356
346.356998408779,280.502570720677,274.775219676678,388.600569362158
265.281527036957,391.701595735904,277.485010891946,281.001749300376
239.464510274754,445.343853907355,241.498387246075,247.20175440648
288.271983052167,462.156852501638,284.669873909546,301.875929913122
294.503264950182,394.410566368517,298.311969181548,299.4255312204
285.597700060303,459.726387120473,283.21337914908,299.665220320919
290.271335144914,359.277792095727,306.337591108475,285.667624039604
273.384185430493,322.649327790181,262.160300801782,290.135911471552
308.534655719482,307.69048545464,288.023272262519,335.739229776142
323.940688901545,370.877757162833,349.96502368595,315.942983319272
367.833791499719,329.883141245497,388.06266814438,349.912159503507
380.529081504513,328.10670074496,370.415336824813,379.301584009919
334.613292504044,280.550736234983,298.818001914296,358.709790327488
263.188402564869,228.558004703851,323.381331114421,210.765539203085
152.663681214742,193.590103772044,176.52468020935,148.173615848805
133.860196761732,252.757880541816,150.533821448436,139.053823008799
186.011892823902,259.207123790952,203.302150151789,198.955947980653
381.300802067568,292.875309857822,367.675567265512,322.348323149041
424.765119207933,376.243240522614,404.464180275391,415.622758092634
445.21300283017,254.798131661794,327.898119299302,378.86913141442
499.962560744944,351.944204599104,495.036444404447,389.881187501703
296.391940010871,377.135141161833,284.910125734103,371.990438679218
305.425918053098,274.448451975738,465.04842516671,215.522115492273
177.936032191803,182.903224165338,211.810910875117,159.275165008746
181.16493558697,282.797214711734,200.854051645488,198.533542565474
203.766508973589,261.255607040531,251.549094213779,190.444548277703
177.461044083591,210.551468922293,191.863022435871,176.577402076382
357.430628674175,458.776210275836,399.361363389135,377.790926432285
429.048432187689,347.637924940969,391.70925262621,397.258290001507
517.718141400593,464.437735345975,575.899572153801,447.209365768276
366.950616244564,349.201380376063,367.827486600375,354.181184590273
218.348979713733,214.852719798428,202.670127004585,232.957251313129
283.891263533906,350.083224782951,313.305185545519,295.987040670308
286.013453558118,619.27560029592,317.742343933892,397.023559737415
308.411485661343,436.384526165484,339.972435254742,343.181080612838
235.055102383164,378.127009562442,240.751725054184,304.282205108611
497.369440630433,385.190281979528,419.960537345318,487.493843517922
336.247225323379,345.006826371265,319.835909046358,376.423052277962
388.406763944078,461.210191628788,418.591515400697,403.133466013888
314.642079925231,386.425873371537,347.288287362447,328.667068083215
365.094279700224,376.991494326338,351.948344738699,393.880514465041
420.042471473428,468.788243520804,444.67802843656,432.271540081488
206.241181893792,242.242639009609,180.96364779493,319.349272209187
227.687978762122,254.384287052562,199.898903218181,367.28208297221
2264.18668557921,1452.75950889273,1339.24034671424,2290.69348489453
6340.78664414641,6481.17564641113,7339.83752010643,6171.35914854212
6378.82162293074,6570.97261704319,7428.80431408324,6298.65200845617
607.734432551381,629.364200929179,575.84768308933,655.089541533325
