726.081789022975,848.501513844826,816.11113191414,787.927267813498
1228.89265971361,897.780414496293,1123.39562904669,1155.2157285987
852.113492139571,909.216344782421,851.816450288401,863.875367963089
835.145297541703,952.906739818419,835.159185820185,852.733258561823
2607.49242087471,839.147045520769,2293.73296934155,2366.48760078168
1098.83544333577,781.203367190736,1091.53253656611,1086.02726238185
1676.71225257862,1453.54978205314,1706.03073758579,1636.98437303196
1956.38111142918,1525.61185110829,1945.02387036599,1917.73397718763
1906.32166733427,1460.25403061362,1828.24872042693,1920.39832584725
1879.518659019,2076.60760902032,1895.95204911426,1886.59176919817
2046.09459057657,3192.9536766807,2057.72241583829,2119.51226747155
2141.40987665422,1079.77001422531,1994.76385238789,2099.09714404602
2178.70322571816,1254.8647840718,2135.87507762754,2092.82120085659
2294.96848604495,859.84892315229,2039.34098527003,1925.7266243457
1390.10304066534,896.209536254932,1241.16077817092,1257.08250967759
1873.35389008455,952.153757444763,1712.81077228513,1704.57685431827
3329.2072971786,947.424498341348,2966.20686994014,3187.18132159483
2621.27110359527,915.604075638518,2382.7501052219,2516.66600768443
1210.96063432032,778.865410752307,1205.15022270366,1201.46105648888
2789.88143191614,655.930198761265,2756.65113574865,2786.90857946945
1874.77580631821,716.423936437772,1862.89008228742,1874.88654357832
1581.63763767848,1089.77822067176,1580.33149124835,1580.4578307941
1366.34550487736,991.228048420337,1363.96590572294,1365.47731098896
1250.60021503158,1056.81299730522,1263.59022652123,1236.83559152584
1995.12628939519,1061.75327812408,1936.95261472608,1966.1038010391
2640.64101156618,1201.64608914431,2518.51227523649,2595.89545626704
1554.38018673345,795.101507884147,1468.55262680481,1415.2732687989
929.077970760855,866.070052147169,924.404855905712,901.578582649811
1248.70006963153,935.957071887249,1161.31188215109,1199.93965963017
1723.19854827522,954.188553217228,1613.32062259262,1633.31229296309
2856.59367350989,899.142062617866,2420.53217117753,2575.37001875452
1723.29426420105,875.195886358621,1684.06411216504,1666.66207883591
1952.46168030798,828.748821754441,1882.78327124478,1839.98599069744
838.923178799262,837.815343271073,841.901450218779,835.800093882935
1641.59512401062,887.381633554199,1399.0742015828,1378.3590939777
726.963881791474,902.473909169754,744.982044238238,758.744443099657
895.161981583199,973.559953718992,870.78630081306,935.983570645416
3106.90082804046,849.822950145642,2681.59590118753,2772.23675878485
631.760716912386,747.71297814167,630.767811709174,641.794137891969
1924.43281711207,790.126072546188,1743.15361050189,1625.74461853488
1224.12826515459,872.209422675131,1180.44811781788,1144.07213270671
1117.8992053047,917.356847494058,1037.62673584698,1099.06144351937
918.767300434268,894.910406292567,931.337071266173,902.758279856897
940.688940839323,854.906954722943,903.508532127688,959.987264792821
3953.55373360297,813.270217052582,3709.6284459121,3636.00430596377
2332.40620006918,1979.40326404202,2330.12790430553,2317.96920031099
3068.12302605761,8550.22098850627,3448.70732023824,3053.99716399016
4063.550627058,8907.91797751096,4394.40242101591,4119.17603187822
996.875340342542,8772.42280214648,1215.0906025052,997.950555110707
2413.38557401433,8889.52840953033,2548.34149646271,2406.50801869085
3657.36314347405,8592.36971591206,4195.06250876266,3533.05453574373
1129.09733955921,2332.70439087935,1296.68299124084,1115.17440245205
1492.60049263081,2454.71418322901,1744.90616030246,1413.39043400739
2422.8422013077,2072.64359507723,2611.15179702599,2068.19070857809
2650.74125793316,1517.48118458363,2661.22872485596,2020.00569899726
4756.26317578363,4873.15270057485,5138.16493201323,4357.24467010103
2360.80346812184,3354.21733494258,2427.9951302341,2370.40654671589
2658.06500626973,3498.59075822742,2972.4710534715,2500.85372815403
2575.1092120725,6309.19409053211,2945.6960540808,2531.8670063099
4753.59206741902,8399.54701404692,5151.31308718597,4773.32194423579
2468.5367121609,8737.76760162016,2687.20096321726,2499.99730767345
1087.71060754721,8166.69729589997,1276.12922866849,1095.21979388673
2119.16681153783,8385.9326935526,2275.30421604299,2115.09604761572
2603.44598783296,8583.18998909933,2949.62598169664,2591.49428864167
1226.19338320761,3479.41607221885,1461.92591070282,1209.39816512218
1600.88518143625,4860.65875976079,1929.6464131828,1554.76397230951
1378.17639547108,1799.26805087766,1586.83264785533,1276.20678662247
2345.77274928661,1597.62201578694,2329.34110634145,2017.74653493004
2507.82400346841,2775.66969731783,2716.01920414471,2348.52227466876
2391.0579110962,3391.57848500751,2464.75017678788,2374.50088900022
1957.44699314198,3093.78149810265,2254.52927249653,1857.90341836748
2421.49589352791,5845.58424596246,2773.63427614698,2389.45700335748
3436.35762161977,8709.494296368,3995.3787728146,3386.57556172843
2292.83263608914,8006.32750028077,2677.75416782688,2272.67251042192
1327.36278823798,8627.50854759569,1579.49271871614,1319.62733557381
1280.03231652834,8975.58451835989,1440.64110476202,1291.37308347115
1974.00368821884,7653.25362872854,2156.91078424878,1962.52018253657
1244.11968183096,4145.62172838924,1489.78240921116,1218.66159793078
1779.80065346477,4621.21802307207,2065.73696263931,1757.9013959505
436.21216099644,1809.17100124882,476.957727345018,444.731623688726
2989.73707212185,1710.38544039019,2930.1813210306,2458.5380869552
2547.29184647267,2134.05945597804,2673.56527815134,2252.55905971069
3159.04152080907,4473.53222894261,3261.4102201964,3132.45604281201
2417.93869566888,2762.04552012149,2574.75521227705,2322.29203212558
2497.88367432198,4356.56027520758,2823.87579255233,2404.82607293865
3236.19985165689,6864.04340599772,3636.48563087359,3152.55747481849
2924.4643071629,8717.63285856109,3269.42151388485,2919.46516643548
1569.2693071073,8325.25214778199,1663.49271352469,1758.97690629881
1507.00225062225,8461.55432750259,1664.90750949003,1598.97083975085
2293.4148670833,7563.95181902966,2350.14498871878,2286.47483156965
858.897708908984,5252.73416470422,969.792455640057,836.905700616567
1405.73708090064,3408.63688026451,1603.42328330401,1383.94971838122
379.744929393262,1896.49686483139,406.173209593224,387.851562911535
2400.67036991401,1913.13480104162,2471.8025468206,2115.11275556698
2497.72297209915,1852.14827511168,2493.43690633028,2258.31341139515
2957.47716760184,2739.88876394382,2964.51814085711,2929.12254115263
2593.62221480008,3440.40494800946,2852.56094142672,2443.85540992117
2670.14270528497,4980.80875706547,2895.08143681662,2669.2837784578
3438.04457353685,7981.18711298808,3985.5585305109,3362.28138398863
2497.551451184,7534.84385072852,2812.40997834358,2518.73002222215
672.800326124252,7503.40809762108,740.883505672906,676.509507389019
936.870380945257,8637.28477460546,1085.87942287039,944.491413903068
2927.01984166566,8328.54214990244,2958.18235242495,2951.98533726723
2825.00037669281,7564.28710929003,3019.21820089008,2818.51444121022
2365.92484270833,3641.06847935968,2352.34380706565,2595.60649400422
2825.88523999363,3269.54273182046,3106.4327174988,2651.65283950564
2720.00308006129,2293.8246668577,2932.61544809051,2378.70911849578
2492.98907598586,1634.20075110057,2446.23898642709,2097.63292490893
3996.3075853043,4941.92391263414,4341.84028868037,3811.29436893592
2715.45308627628,3075.14253927466,2678.39024627258,2792.68994027974
3494.83517272784,3404.83044601862,3674.42652916552,3277.65959445374
5046.99708265142,5260.12130873636,5327.5000876877,4763.882711449
3537.11391083503,8424.0165339828,4027.35584207714,3505.92765238358
3341.20986029444,9061.14394840402,3574.78120424566,3343.64624972034
4196.41927667828,8872.88345575331,4582.60719614044,4200.50755264509
3360.1850799923,9171.63379904679,3522.37777758316,3356.57848273356
3119.21542010934,9158.23481373399,3564.57669003518,3066.54712183606
2521.45305655126,3141.31167986304,2745.72668155658,2403.80210258694
2398.81556844691,4817.23604361354,2718.2722946638,2352.83337140369
1693.75533674121,1821.58414432609,1871.98598813894,1551.61670237355
2950.84994200508,1720.52895493912,2802.36136676976,2407.04443768222
2660.56409585603,2654.26479058297,2911.15017025711,2401.57260716591
2568.11836300949,3380.29584014621,2625.32955829711,2556.72157675885
4544.96074209551,3229.53184812366,4477.61846027648,4279.57234009542
4815.2362174773,6369.96974020755,5201.86529816766,4678.68878485583
2878.58815132043,8926.41804858042,3390.95422085686,2903.10063921079
2460.85727369779,8003.44078260139,2852.3635700577,2411.66479336695
3798.36167902015,8647.37874475027,4254.40396116402,3725.77794065568
2831.09126197976,9145.81138952533,3070.27410400442,2836.28279783665
3580.88165638132,8491.68001588988,3837.57146415137,3569.75164917682
3657.05493457631,4031.45501001536,3821.11549785269,3552.0084014411
4298.07388183753,4875.61818474263,4581.95470057015,4106.79923165838
2212.3448171121,1809.36652590174,2335.74712451837,1973.24357188807
3678.27803502588,1692.62182130209,3407.45920395674,2972.24587497261
3461.70728950124,2336.29501814654,3494.390967744,2998.03650990107
2831.03227543684,5013.58204113725,3024.73852403689,2809.90144116218
2614.30524128943,2901.66064749353,2803.58357870139,2475.78463408984
2775.85051088349,3813.35771002197,3056.68856825616,2627.89289705546
3529.26217609125,7082.27248275325,3894.7209980873,3449.99728226245
3350.88642727903,9206.38016614469,3716.25060997749,3386.93396298259
5147.71166240026,8984.29699318539,5423.18552610303,5164.76325845291
4434.32291746691,9256.33479691184,4780.44196415155,4454.6347377994
2636.67264861533,9439.15706403921,2779.18895838532,2632.37581886038
2169.69505078776,5946.73354513434,2547.50744830986,2145.20291177578
3623.85518070031,3837.17445141352,3759.28453748313,3512.04212769495
2882.18970397691,2420.79551423771,3092.5198472506,2509.73102650032
3621.62118974743,1863.56207930101,3358.66903610493,2934.88260348739
2366.64045644188,1885.74515803637,2389.02727436355,2183.2406021779
2632.92022509812,2898.68127434315,2723.93575547927,2572.17541007826
3624.33454060864,3534.95504201411,3633.28657414126,3591.3330634553
2815.53190377937,5456.48496788054,3106.24100795242,2829.67826074047
4289.96337728931,8402.81331898649,4758.52221217025,4248.7754787548
3409.51152534913,4280.86923187063,3443.9749215321,3402.28572586729
1435.75505029074,2155.65178129491,1438.30183576148,1437.64760599344
306.676527292731,1950.38203579368,308.664993944951,307.886168962778
391.051921978562,1457.93430996978,392.974224435398,391.964572039766
969.300055024752,942.320811229337,973.433280727945,964.917999222822
974.647656748907,1033.6097898932,972.910545939539,983.078573321316
417.637393006702,2158.85306982716,449.502554841501,421.301784776268
2758.65725543948,2247.33933104606,2896.69333974992,2491.64568422623
3807.23667364153,1602.41430069125,3167.35393756154,2612.9035914039
5439.04569403159,3990.51463715127,5613.54861876643,4761.97110247923
3096.49190165791,1554.27234862312,3000.30444498881,2898.353317229
2319.00718225396,3201.04028474311,2523.91682155623,2244.9389074989
2353.14268843314,5646.66221455363,2716.01656572473,2331.86877796302
1272.37484826027,1036.80756969836,1251.06123271007,1080.70771619094
388.270965433204,815.495722384073,393.915384988563,396.387245235785
684.358237808974,916.162883595708,690.456770719585,679.101774307434
407.265145626718,515.395314695254,409.465576282069,405.791145855839
341.34151427617,685.650149600244,341.590119747282,342.0936972171
919.922061393444,633.541507513455,921.168895916451,915.30512162042
397.251843873549,2887.11993138998,420.231194757495,401.626338735569
677.044011813333,1956.74350552614,848.32475566516,688.374676134245
3762.98923777845,1687.22853819529,3345.23714231951,2630.52210328137
5566.14708543553,2685.53720871693,5411.39481679812,4109.3019095804
3056.09220811405,2758.81089032235,3050.34539116151,3047.7795118882
1852.46939600518,3095.7486109288,2160.18801369663,1733.05123384105
2698.62758711112,6259.88600908469,3001.57797691116,2640.83636752097
6486.71829328632,8711.33007552615,6834.71989211123,6587.3127197176
2100.93749623616,8712.57331727367,2552.92978035737,2026.76477421614
399.235588403911,8489.17004490319,431.085731485599,401.503735061041
1581.71029387232,8679.43680040634,1656.63803124193,1598.43770154354
3267.96579838267,9090.11305674564,3401.99182239429,3276.66678037275
2071.32925529571,4518.9367762817,2182.07545939031,2201.89392634334
1940.89757452634,5441.17725392811,2211.88362585753,2128.3168825225
299.485342385921,1846.61901060934,351.449322416927,313.165759561763
3773.0585616095,1676.93935926744,3318.89757498811,2541.53566531771
6623.71246549599,2514.78711183391,5447.52631194437,4575.10247574946
3633.7744588218,4422.38902639943,3732.81734687569,3583.37735922762
3828.34761385358,2833.55544539325,3777.35538754085,3561.2477207416
1943.26370567177,4204.24050629926,2181.25097256544,1893.34252967023
5160.91279580111,4670.83949238904,4733.95919115203,5683.29618065485
3492.82625912431,3923.04264656417,3351.49122989426,3796.95399397515
1773.56540412319,2983.37838576947,1701.3988681653,2090.49604501756
1648.80748969284,6488.75726822502,2085.70584329981,1600.90387428784
1804.83009008499,2085.36241698378,1798.38665481477,1821.97843826855
685.937810524729,3239.34441288329,822.320444529755,668.470073111892
1724.88261249009,3854.09922799419,2061.26629594807,1690.8142943013
290.199951335302,1323.70637237503,366.118894508937,278.33579645069
1527.18853070817,1417.78391182815,1527.56701860255,1474.03884909607
2112.42731455746,1973.77992065153,2230.079437644,1871.11344735565
2870.35898206296,1810.75642406157,2778.37561324975,2819.25744295843
2610.18569471176,3050.17787328761,2815.94682844567,2483.82984370483
2661.67151137696,4457.37289970841,3004.44511186059,2580.39987106237
5630.01796292046,7537.56413887482,6184.830394431,5421.82726848108
3520.13564499419,4198.55042011949,5620.60919491284,2546.53243207657
321.043215236297,7991.6913812803,384.476598669992,314.969513640385
933.527217591998,9332.82016903958,1154.05382570197,936.272271175307
2259.73686032418,8843.24544214361,2309.26328721461,2257.06601861294
2617.22031293362,8470.59011587188,2806.54643718376,2650.44045196105
1860.71143011381,7744.76535783047,1936.54742171855,2085.01580928016
1479.88196760548,3073.73032340916,1664.51987793988,1468.41585227813
1525.95516375876,2200.90725394689,1749.17750365199,1439.2672263625
2153.90015502427,1599.66299379188,2149.06405081743,1924.4487780993
2733.44523841255,5153.60752456136,3155.06403044369,2606.29449261473
2057.85530961647,3191.71643234299,2160.50872897131,2059.1099676
1871.28910840496,3395.04250416773,2156.2407349867,1763.97942690617
2754.63277606075,5220.04774755784,3339.27985860605,2521.2959962457
2364.6224016805,8980.01198457192,2761.13415534379,2345.88110829798
1663.32028681623,9032.29389444414,1833.90942664908,1665.86282432626
1284.35025149548,8606.3608615739,1459.15479697431,1266.66359859048
2178.15853262351,9087.14736607176,2238.35464102808,2211.49753224987
2852.81987227284,8336.36468520007,3376.7071417587,2767.10655766243
1191.46881140949,3148.84353932459,1323.69772803933,1201.98395743913
1377.64105384193,4392.41104004611,1630.92168432698,1341.85542941469
1289.96425003372,1769.13195245078,1441.31943544011,1228.73228092074
1661.30515424841,1772.25033253202,1797.43252876254,1559.87344142206
2351.02465604159,2804.92163213819,2598.62723671775,2200.47397496616
2059.69978974072,3262.98794894395,2115.0883956852,2062.67552566959
1918.28779337357,3241.02702848914,2131.78217470816,1874.37795955213
2635.43872115109,6462.00698777011,3035.83335425764,2539.75462629675
2795.42394443548,8736.22139515379,3168.62511423798,2794.77214707766
1903.88347148728,8896.77170193702,2236.03839964829,1889.07661636753
1424.49821627162,6341.2662560758,1721.78367504215,1346.60423547898
1511.15437568668,7239.7369013419,1639.06903770014,1497.81798737033
2097.78619258821,8835.0387774858,2334.47394049604,2069.07790471182
1262.62633442797,3751.89671129017,1445.43379642716,1261.61803326523
1830.55505639353,4854.33225882752,2116.68152152935,1793.74148649484
1036.23715943791,1820.90102103409,1200.79835612647,999.176508582999
2266.97314516606,1698.09677407099,2303.84351115402,2034.28789195712
2185.92009245886,2669.06341903009,2390.39705047199,2069.08369809675
2658.49453932003,4828.65308058825,2792.16930595083,2666.61162942028
1877.93027375763,2791.63921886211,2110.34614069873,1792.70557134646
1821.920322062,4366.38984602844,2164.4206375777,1752.9827281775
2765.39070429437,7518.97119575896,3117.21763368724,2751.76385202287
3193.33805488182,9476.53104452619,3551.90089990028,3204.18135219406
999.497737779131,9440.39853106567,1178.72364856453,988.346722430213
1723.2891800291,9173.22238903426,1953.82736332873,1722.89680842132
2210.2352282235,8932.6786168089,2357.14640766203,2207.13170649543
1408.84698252619,5352.0159454562,1609.06839725112,1391.57075609481
2152.36812166498,4495.52790849387,2517.1557953306,2091.86739458805
1059.18548703442,2008.0181950182,1206.02199205139,1037.05436648391
1415.67112956191,1754.22690652372,1583.68228627299,1337.85820224546
1635.69809659043,1924.64329248983,1786.84717338389,1546.94372403394
2598.20105773713,2902.21368630645,2697.07933410917,2527.5677681648
2663.77060660048,2800.76071371608,2681.55151526082,2671.71222567838
1755.77578574517,4618.74793504912,1985.78766725543,1730.53431655451
2677.66131782111,7624.57723859041,3154.43379374584,2647.89512131412
2134.81955363985,5937.76122828011,2500.66409288194,2086.92113758704
1202.30662131006,7640.70772185955,1389.99783134709,1184.04335418662
995.291756974377,7993.41696210975,1181.04699891683,983.448502191686
1847.49675163845,8245.07937106633,1928.26962225645,1849.19182078531
2196.62097448216,7752.13776149328,2458.89235981219,2185.97380565544
1317.68399526421,3331.93836790429,1500.47793767484,1330.98755953812
455.088830592152,3023.22617733768,497.055829785199,456.060863907295
1611.84578853524,2261.89577425662,1846.11400837027,1510.60452485482
1605.5582008809,1620.56017320978,1732.20628349355,1486.12751471392
3379.81685154397,4718.09947189556,3685.89769960529,3231.30242576208
2266.9903746174,2538.98252788314,2386.45505242924,2182.46064326455
1504.58140882238,3622.53922633683,1828.61233227676,1421.81893497543
1741.6965122409,6497.38430558509,2055.10529435881,1710.69813753592
2416.00596837403,8937.86569812925,2873.52542072586,2376.03160931344
2380.25324929829,8999.88704641442,2530.2081758337,2421.71935178967
1301.56240592446,8634.30842491424,1367.0725750106,1527.06907575052
2755.15507901113,8275.23534260808,2806.23894422073,2773.93369559769
325.45147864276,7622.58939171361,350.948895628892,325.839045380966
1423.5478095926,2949.78103424851,1603.26962824862,1393.70964623386
1008.05001679185,4414.18263850873,1089.67302097113,1005.26956089491
967.116559319164,1947.28843127258,1107.05833568535,955.600998631152
2401.46854207392,1838.16289085217,2321.69508667995,2268.01359404892
2676.24363808293,3241.24223828055,2732.62737313217,2728.77673276515
2932.34961419964,2981.72240126395,2985.44704431575,2882.46269153798
3403.7949857191,3282.3759030434,3568.75408193715,3194.61685677501
3431.12960003883,6161.18818368841,3801.55654914831,3401.98237961248
2324.51960319979,8983.22142125552,2712.25866545241,2361.05185008381
1562.20118634486,8703.9960970428,1870.6647508046,1549.24222992026
450.013298665183,8660.52729982809,490.577035911586,455.083038719064
2215.18841541006,8969.41358288772,2291.46303490948,2230.60805701323
3805.5005607161,8572.01538416778,3982.86504872517,3815.09088440563
1747.43144753924,4439.84401430235,1835.01445197874,1920.51918230141
1538.63818108515,5657.34125564653,1689.37763804477,1679.08547713059
507.991332417341,1900.36719584724,566.354257907591,520.20428053323
1732.64563492816,1592.74384276562,1817.07238196033,1605.82425123912
1919.98587320163,3033.8953971191,2219.31804530192,1850.25483073502
3025.71540872228,4592.57497799618,3102.9042935458,3022.67360163925
1951.99267190314,2776.75908340219,2151.15407036559,1895.33147484879
2076.31929259489,3990.66022553943,2362.09916446166,2027.95141372915
2166.22041780032,6059.92405159737,2552.45510870132,2109.79805130887
3232.57607741633,9287.06844232939,3567.15266723944,3246.50031398162
1316.0860019394,8568.19128916596,1394.61446011587,1500.50494112395
1427.37820871176,8698.71047317073,1562.70333836551,1512.12063765151
1501.340447573,8821.32687741009,1527.80584190643,1505.28936553449
777.404313153108,4247.14633639418,908.509031156154,800.568843628008
1566.40930710294,3120.71239980127,1954.50544011446,1456.59241777301
370.920829103569,1480.52325463312,396.544214756007,377.280756883376
1874.30001121569,1677.56865574035,1988.80023643678,1681.23330817685
1702.97940352906,2034.56144671249,1867.80978893752,1619.89507350165
2714.66407982255,2883.94928505742,2719.61438683866,2720.54089176606
2070.46714194414,3132.61722385692,2256.52588783357,2018.4775855257
2723.67700507583,5889.15503494124,3146.07950826684,2657.78234223485
3747.76635487073,8942.69805546147,4268.50420728232,3766.34975652551
1920.92727950063,8889.68195445766,2220.15867742144,1916.07633396154
459.477348543922,4342.80671535858,461.587133984134,509.996374560379
1098.89169705966,7627.12077024798,1273.63884434589,1078.45750010883
2210.61662437166,9427.89466607155,2265.0128619746,2208.44375197877
2177.13355405739,6935.94510842709,2321.83802022833,2238.47092721472
1675.22911101863,3321.0236136986,1796.93045199149,1821.0498735887
1524.56148337041,2698.73274852376,1786.55799097658,1454.57002212503
2899.52882479003,2181.69437219246,3075.86616425914,2349.52415298861
1467.51493182068,1669.96717106638,1610.36573472594,1398.65244967288
3370.65301861902,5189.18536623921,3729.41080646039,3269.87993030337
2093.20212884729,2937.90780945639,2164.45172632893,2113.10736357336
2621.36763873299,4175.7335791815,2915.63264932625,2536.5883595234
2202.99987838339,5927.18593605955,2542.50477441671,2153.83189014131
3790.00776819615,6940.78313048734,4381.10450624278,3598.79677614005
2844.61084866182,8131.59934694398,3157.99714094451,2806.51037322909
1718.93556617841,9585.79141947349,2018.46738640664,1670.64830073526
2007.04381004772,8741.58721646224,2121.89272392845,2002.74049934396
2048.64798284503,8896.74818037834,2359.91110265902,2029.69599404469
2350.02314478907,2960.78284188137,2491.61019702065,2312.97597920538
2782.92624572486,4174.29763580312,3069.95998463721,2689.76878317191
2830.98773927944,2187.99549052778,2780.18776855374,2634.33275475241
2152.80307013568,1905.33270634669,2191.42229988433,2005.17019794462
2838.60137538045,3504.13979370569,2912.8071425253,2920.26739988661
1991.12666336484,3378.96216779781,2077.5704144948,1979.97322683492
1827.62256346951,3740.04465219891,2064.27786764325,1791.53626744511
2661.10719458739,7394.72257606065,2983.10857530533,2774.02537288032
3268.85671255687,8248.97527261792,3834.0799710092,3223.8971633806
4666.38551718242,8561.11083079046,5251.80105719119,4595.91455109123
1400.46881376915,9533.07345409772,1642.22893315885,1388.49894921019
2867.09784682112,9098.10693391578,3018.89190347223,2867.38861804138
2361.29117263476,9432.83001683527,2678.80183092086,2326.30816707611
2012.45824666318,3607.01505881032,2244.22918137971,1974.18482252541
2524.54629160727,4932.12859420625,2871.16949849993,2457.38155060963
1807.31052579433,1729.99232939333,2056.62837080068,1563.33535657746
2280.00774111834,1552.29482518949,2404.71029175237,1808.56493224205
2677.81190281904,3169.20744901601,2930.3820070067,2516.46760339452
2450.95288950574,4608.2769604712,2583.41420331141,2446.56904169392
1686.31223290104,2777.42839902456,1898.49765966013,1628.10720582057
1831.55232338938,4303.4697805773,2099.65370518153,1772.70933247442
3816.89442961015,7140.76940439019,3992.68801358604,3907.78913259162
3050.36722545298,5595.46743278474,3091.40438257025,3281.72387091037
2369.28493844403,5255.80703862112,2553.84169988838,2512.55418460999
3187.97131956832,9488.01243890404,3508.49859067218,3196.80917213981
2774.35579806055,9278.9954295493,2959.89666983014,2767.5198017007
2504.91459185958,4754.13283652518,2720.51187879084,2492.25659020203
3804.86820339267,4363.07666192968,3973.85961084489,3706.31861448954
2010.03571209854,2073.43036700379,2160.84439524068,1866.62227504491
3113.73691691493,1703.25416377409,2880.15720561308,2612.82589014189
1569.92306155577,2177.0935551161,1775.54836485015,1496.11370650524
2849.83229381655,3277.26738993971,2913.48995401002,2820.09914673167
1614.90420762412,3523.80987368134,1888.36941839729,1628.837693977
3730.7068957546,5927.54003747627,4103.26106687671,3674.73353526767
4510.59359231265,8842.71326433861,4926.29195772473,4557.87617299738
642.919452984228,3769.304142397,664.792912077991,647.674458262818
338.262977311325,3031.76832938985,339.980871772821,338.743163106676
458.043846620027,1934.09135716025,459.449157988969,459.217365873885
722.785606939197,1602.6550251134,722.810053862035,723.762369464457
264.380577728754,1171.73777288696,288.696925080519,279.432657297762
372.085495876473,1076.11733663454,437.593398851409,398.359211982405
240.640662004146,1969.95904370081,270.600374839041,245.047278769954
2967.74193194488,1991.95150850306,3094.69996515158,2299.26639342042
5254.39170956713,1592.24264066135,3619.68798460721,2808.65773060687
4452.77088566392,3023.18828929674,4538.27017487922,3961.2453427038
2247.89048011359,714.25128765136,2179.683987486,2090.18390770453
1097.40411127611,772.011019072079,1102.16503064402,1089.56076160568
678.904220221214,756.726455096044,678.98142395773,680.321069748103
488.719814988537,756.194458425274,673.096407537468,680.401235317444
859.604347051695,510.320700650666,857.978279485442,858.757180854782
933.607187936537,826.524902676442,939.911315651398,926.952710325788
509.575848512042,542.763414285733,509.978421775577,509.438432388517
1729.94920864214,707.229721543275,1738.93887527975,1703.7818105409
955.931842743432,751.68738423632,955.480284179424,955.153828240162
272.183520552658,509.621437933273,272.64629739053,274.620882656034
261.061283846219,413.899145571872,272.289666147995,284.160007093962
514.338844635771,675.284497454098,556.35397843841,550.738542994916
540.926913089893,745.608065630742,588.91913129416,594.439021584637
701.811405137353,673.521304084725,659.691327641598,753.93247141578
1125.23327646204,838.283599585727,1064.01503148858,1142.97405361639
1589.68099091154,676.226205173998,1522.84230906461,1575.83060327908
1708.94023507216,689.675884176083,1321.34902571119,1621.89466102717
717.661031496498,862.890130799035,723.055219666619,719.44563056785
463.384917225708,876.064119657483,465.132023202487,463.251795328595
357.048837422884,1021.01663100584,360.145218849033,357.515159235484
1642.37431038073,896.172418600647,1648.78399677308,1625.60369644064
1410.84285377055,1078.83620777506,1413.31484598771,1406.56913499923
3402.26647182011,854.934078574853,3369.42299399671,3342.43848116941
1314.0107884844,905.544362027267,1296.09060765116,1285.24252069564
2380.59298204967,742.976520859546,2237.76764690194,2200.38663466892
1034.98992244894,673.598636975475,1001.51993791572,1021.50993391289
1058.99826564228,956.657784581957,1052.29585641963,1060.34299438897
4708.98658134669,981.428641467511,4621.8072259808,4653.96953531781
1223.40283307902,1827.23334711315,1243.71814007187,1223.55351439296
881.324598533308,1703.6020035771,888.60081169732,891.246456296209
2707.94208528325,1124.48562264318,2704.92326958945,2687.82157750804
1555.78765101504,1668.96568332042,1558.96349047308,1554.34681321931
715.234188100147,1957.18401114137,727.356835779863,724.192845685869
959.223935283912,851.506274508508,946.621143620672,971.29624773551
4450.71445907195,2913.62247339563,4396.76867640624,4480.42387424867
1370.56485008494,1779.26468033416,1363.26779315979,1386.47451040531
451.191397218152,1794.0029362317,485.077713202873,460.58276328122
2191.21204484208,1732.07973797791,2211.68906959337,1980.94302939479
2288.3619694389,1959.83905664771,2367.71591012893,2090.33869091509
2785.69662677541,3218.1346046949,2849.76640895993,2757.63584148234
3646.66193034276,3064.66791402152,3631.35593101593,3539.92041845644
2262.10766274701,5991.20319119674,2633.99941025425,2255.29402150385
4383.36473586454,8270.85093671053,4981.1717662606,4304.65153786843
4139.5713013929,7722.56241491104,4378.4303147261,4117.59028459783
2165.77887215544,8220.68712570963,2598.38574555238,2126.02762281618
1196.20968509848,7525.75792236345,1329.92809816121,1205.56449104386
2882.70342115141,8147.25144167976,2977.00649640581,2906.93799827001
3406.48173620473,6229.33844674226,3650.18297232023,3365.35800382778
1709.2254136016,3275.79157442571,1939.53660102725,1673.67733614125
1071.49444001963,2385.95107702652,1256.4903890612,1065.77207174081
1956.80169424224,1984.21718506547,2159.25397271041,1765.14536852014
2044.88990441556,1619.05527554768,2089.78050362674,1809.2744327546
3548.0439108228,5091.91592006228,3932.47973695857,3390.83528968422
3323.9051910345,2861.88523621803,3326.93573263348,3235.3710313744
3376.19171645528,4721.74366001332,3675.38444816664,3296.157454531
2121.44441538351,7103.47302085106,2599.97457918868,2044.44441097017
3300.71252069041,8348.53823440597,3753.38934243284,3294.02533311808
2279.08803983685,7922.81689381354,2504.12824407576,2300.69913828641
1073.90104766581,8091.82478864572,1310.49895602536,1081.49941781576
2805.45056126281,8048.66544513372,2933.40828593369,2800.3043626121
2053.29096123716,7778.44555864019,2472.32369565085,1981.07646644147
1123.70991528183,2831.74205918236,1329.16770073845,1109.50623990512
1966.12771209095,3345.61032764878,2182.41850516943,1937.093402505
2758.79802409225,1913.06348168625,2749.7974784171,2495.76098160525
3428.39296630575,1824.89623616774,3562.6930617929,2646.6389299891
3246.83382458964,2990.18304567733,3446.92590387719,2988.29033744055
2768.90323356676,3240.65169803095,2836.18639935252,2740.12001881933
4481.64109118134,3596.69612004054,4502.41082521413,4262.97386989737
2531.77098570567,7044.86318073222,2962.33749858531,2469.66792486619
2939.70149246056,8510.89405502824,3408.08932508712,2917.47207327195
3059.74180724547,7640.5176059277,3499.04902502608,3013.57796346858
1383.55842563112,7926.57239692527,1573.58024585338,1383.06874090324
2196.3070937149,7801.50521048013,2294.02560503021,2205.40065211578
2340.38011373553,8574.72499624589,2618.96468658989,2338.27052634613
1246.96761875659,3352.76435688644,1427.83155318002,1262.86815984833
1326.08104638523,3903.82312033279,1489.90723021571,1319.60286944418
716.983552910491,1835.36208778802,826.942805921895,711.683853006293
2034.70251138439,1563.03348121095,2097.63031629316,1743.93379223765
3968.29494720376,2770.64022753433,4135.57338775788,3319.5721234364
3498.3500230309,3194.41319281901,3505.95903788908,3472.69849103435
4339.10591875303,2810.31609740443,4208.37937018197,4008.59089841263
2379.16517475815,4259.3937308527,2747.30430217892,2244.50740731481
4898.01857108592,7268.74301530347,5155.56822419098,4867.56631745329
3328.3461377203,8619.68770988522,3604.39923292917,3314.9275334089
2161.08255576887,7993.19569152514,2230.52541233563,2356.98424175541
2061.91904543931,7979.92960683639,2177.1166779962,2114.08995447017
980.471289453642,6876.15679754985,1011.58567927252,979.910055299576
1103.81851680787,3811.67195620415,1318.9773010276,1068.9597575118
1781.43396006134,4261.03878964935,2044.46044012343,1763.40406058808
550.544075081282,1515.43740252309,583.640218929746,554.576483791745
3368.28960315297,1660.00037373422,3142.50868844334,2885.55952506428
2294.19546910967,2169.35952480018,2403.43960995047,2146.97179790536
3189.69674374624,2497.53591900547,3191.07092597304,3152.84455401185
5357.65502235374,3013.62185128027,5088.24616762072,5045.53500456931
4296.98170260339,5835.98397794033,4479.53629402602,4270.6086371924
4532.2975279083,8465.7288262171,5012.31868123758,4530.99977270549
2177.97182591401,7650.46321211475,2600.47434228034,2120.25485986272
829.279102397903,7109.2729305251,857.033063315077,828.92144756973
1012.64856139943,7957.84384979586,1150.41340583629,1019.27134287919
2869.66593843103,7575.63681604839,2928.85483307226,2889.84947649069
3150.01251698089,6213.73184738262,3296.76130414813,3200.67207329894
1785.20428217119,4232.92941671148,1882.4481089444,1995.66518019135
351.981198788379,2180.91386821355,373.156740205475,373.561328200607
3321.38698616364,1997.32083749748,3356.57765009713,2889.28938012124
2375.53687094224,1659.94286409556,2356.30567858317,2098.18860872529
3796.19515275269,5027.42039626943,4040.43599461593,3680.96986784915
3963.72607362164,2974.14731087187,3877.27457309283,3868.9535323556
1862.8937280514,4318.17096112568,2142.23613149344,1827.36483678275
2311.81922629962,7047.58745335844,2720.58293862929,2295.12948371803
3299.69939686321,8328.49284841772,3672.90441646605,3399.27750538882
2594.99688478029,7719.52319708996,2716.83203915962,2663.18016477741
1334.19445374659,8145.96866849835,1440.38347289274,1499.25629714315
2874.54849360954,6298.47995600753,2900.62055165807,2878.69718878548
501.035051674279,5579.41895681438,531.880988596787,501.290860889058
1365.46713147892,2885.92477228707,1576.86532558324,1335.03579278571
568.787829440655,3190.06047254632,622.182030141109,579.893369411517
2417.51416502086,2124.87719353509,2507.31813491623,2243.41882870748
2422.628406905,1793.64478928258,2426.81529583449,2142.46173622857
4011.55169741432,3060.97734693415,4128.72052657514,3696.16681614903
2930.94302527287,3205.3965558544,2938.72504750958,2942.03822910981
2470.02976906701,4105.91884243907,2738.61406765742,2403.3307495414
5643.27343861773,7140.77797604117,5906.30735126116,5565.473280974
4952.1525779241,7992.33035063588,5240.71605868891,4982.37503658069
1977.4997522318,8279.06873136303,2182.64344460465,1975.56146062167
605.764719280795,7974.46784615668,684.131655276273,595.638804320007
2130.1163227837,6817.13373951933,2181.50288000054,2135.07123776481
2644.11325314389,7605.01684180071,2815.66985559642,2645.18030935466
1456.91256176714,3952.26603327146,1498.21377045862,1665.15451061587
3438.20284521341,4818.64812406881,3619.04673813972,3477.40145864707
4056.88812044174,1914.30665016872,3894.65984148863,3425.99900204587
2652.24359717516,1661.25149397526,2619.45686370455,2263.33465362914
4175.92041615868,3827.94422427715,4387.00642188631,3841.21513557965
2621.11306930888,3155.36111118695,2696.90480640081,2590.80016482614
2297.95411133209,2115.7699447685,2392.71107413495,2149.63070515624
3058.14728391719,4403.9471003084,3466.00038535279,2872.81234907116
2182.79949309195,6285.27997519663,2602.5996700499,2120.96393454629
3236.91426888634,6856.57498852961,3466.58348597713,3253.84102300838
2452.819972182,5784.0584271351,2733.40508210144,2454.37930865512
2595.73743392089,6246.75762241403,2791.5276854976,2612.13485640997
3376.10538732061,7161.25982084869,3562.97118864482,3378.93908515964
2219.1493473641,3965.14183985835,2491.70829414584,2178.57361299554
2621.13780768534,4884.8933256129,2938.76694070171,2620.88671012861
2654.344361202,2067.798822269,2787.93409039175,2350.51548530834
2204.21823827339,1649.94186972871,2263.44832742038,1933.19464336514
2078.33020271716,2201.17337060911,2251.70526644287,1934.34303015454
3205.24179079442,3063.1277897957,3244.25500706572,3153.79221025781
2712.35523199803,3138.77953089238,2784.26518853864,2714.50742016037
2216.31281046959,5447.05878009548,2547.83263677772,2151.65107767273
4221.37453659173,8148.32500134103,4676.18131327271,4302.03804378423
2233.0163469201,7000.96374878078,2527.94454236519,2233.99274600553
3128.07573042219,7995.14384190596,3523.83938938428,3116.71354594005
3118.65483180573,7725.15436397171,3459.92938608809,3078.96432272689
2399.21044558466,8403.17778154732,2541.44077668489,2396.43689278229
1866.5469480827,5392.03055315799,2196.77530743858,1813.89375881723
2303.03262028995,3427.9894810287,2528.51984795356,2232.91055772944
2266.69331123472,2117.0867295771,2405.27477288213,2083.89996999117
3420.10628358008,1934.4789329835,3333.22124735058,2907.51924604595
2660.66101497616,1750.0554302293,2692.31356602263,2217.39850241151
3954.59738844509,4844.76729061678,4213.20520148415,3799.71411260504
2914.7636247925,2849.28072535007,2963.93834695533,2842.52338529143
2510.30091825885,4229.7664523007,2803.42475632844,2472.22770565488
3041.20810251663,4821.75693261613,3321.35500087412,2952.74098309928
3394.21020380784,6034.33971380176,3760.64547407459,3323.0382184833
3860.18847871619,3544.97321340938,3947.55199123407,3725.83430713302
2497.11000253067,3757.70842106465,2793.37538151013,2379.21389782328
3253.80285375734,5649.35006159249,3370.58597737797,3218.99624424494
2248.6964118145,6468.82856429609,2642.02272615829,2167.2456470559
2101.66625776204,2958.78124381257,2315.48658739694,2051.07197461524
4476.70809470839,3123.81922591834,4772.38008726087,3875.37480420552
2638.0023835082,2009.7943187864,2712.40391406589,2277.60834180979
3633.61796945163,2014.15734069407,3622.78730688081,2877.33466632137
3387.8139080046,3122.22629953095,3554.17519981958,3168.19568702359
3057.21989057221,3444.29654032249,3080.07502474882,3078.40424155534
3417.68224148153,4347.0044500727,3562.43485611816,3411.33632010998
3577.46388934926,7870.02259563032,4063.45490532822,3586.89732788977
2572.39676385103,8148.8706519999,3071.85921777133,2527.20040329187
2719.04893310597,7554.14647289384,3106.89379844842,2692.06660815586
2860.89750073855,7855.36338400821,3116.88143413998,2845.91950283585
2625.20486652631,8189.45326986022,2750.3023194008,2632.81813638066
2771.38456324829,8558.85281186771,3235.61481633572,2757.86382719563
2637.7270509244,3152.23337629983,2711.02991566998,2664.4019751805
2643.09903659126,3887.06224868245,2913.25069664168,2541.91483898371
2503.97605825977,1899.85227251451,2675.33592388879,2150.57126074652
2596.95403727147,1724.92737745157,2571.82771405883,2171.5909937649
3528.59525885087,3955.39238952939,3981.06790779947,3167.51372816304
2533.64230306865,3773.19359952458,2643.5387434338,2508.7499460993
1949.16523626521,2941.23269746933,2235.08494897763,1843.56034479052
2314.41802129175,4499.99825037759,2648.08728954018,2211.56938148247
2574.2401027874,7778.14574836729,3032.82383487521,2477.13066890704
2376.18756509515,8055.82460638626,2579.11226858345,2400.34698614122
2310.04505935119,7071.19401731265,2602.53733155158,2303.19581090586
2071.09029508609,6996.15730036432,2229.53223492974,2072.31768141686
2095.51147284521,7530.68369087909,2327.53203565291,2067.98886446295
3385.79127149679,3523.85545744352,3467.92808415651,3321.96833819951
2458.67800326704,4742.26459596183,2847.68119608165,2375.65771832082
3191.30049457508,1900.00718374882,3170.21096050519,2613.28257281112
3987.47049286329,1670.03115804223,3597.95534459063,3238.3593203165
1951.70892119074,2527.68530641314,2221.17978405759,1820.87254708078
2754.88261164142,3260.20162304699,2780.08824405013,2771.61330106545
3840.93848750532,2906.7581191915,3767.20394588182,3667.96289576397
2339.28950155568,4357.73887090926,2649.96359229935,2308.41295919354
4202.44064029523,6481.25083151223,4501.97386994172,4190.34724151805
847.511157406149,1345.51514913795,858.491734557951,860.459447517548
465.007144382403,1117.34853903471,474.320007150266,471.208774937639
918.102732293809,1017.7567210519,918.612806782268,919.203812979876
703.431277932219,2008.89305588792,710.761971285219,709.001587704223
341.734440867595,1086.51361971687,357.099206051331,352.769110749855
776.746299600286,1106.4555515529,788.497217142378,799.086926459793
548.755596694878,1290.00175355505,562.665619616684,553.916431723896
2177.29529865624,1884.08411558428,2367.81901020031,1843.63523836905
5727.60356423739,1680.69717017532,3872.54481797484,3173.75969002457
3922.00754698153,2857.54808082104,4026.60811618913,3626.55647684058
1478.84076683732,546.085818789004,1431.30573203768,1381.82265511215
964.350246232636,913.626304383812,965.852903333565,962.514339022794
1175.59662627507,828.255672908256,1164.62238376904,1174.58949108708
2436.72496462821,1311.10996714137,2428.2287642118,2423.3189671703
1001.46538526636,2206.8101115008,1021.67425547866,1025.01542753639
802.569526907801,1642.12362802485,823.504926005457,801.429063662839
561.488040541005,1286.29279295884,569.585426897036,568.854731015189
2169.33878149937,1293.54490737554,2168.71825264123,2151.45105024489
1000.96318113456,1096.11185136256,1002.23249454256,1000.96603677843
269.391218659345,2170.18587819715,301.083101141831,269.916712324484
2628.63662246277,1997.41996674975,2761.66665703557,2161.4139387291
3601.95898092045,1848.82125552944,3588.87537757327,2512.97276839271
3936.46330001558,2596.68875968795,4057.42376152994,3513.39485482037
2529.47751333093,3311.37164628764,2648.97011002888,2471.80467869097
2014.62025371351,4635.32929087113,2300.87164114053,1954.03938706035
4497.66624525581,7792.42438856721,4878.01925003465,4516.94058877064
6126.52494642462,8299.84141022722,6568.80132031841,6100.75235636622
922.717144356416,8447.53351500704,1069.27372605276,903.869400902087
1103.22720038027,8655.97878071747,1224.97665053114,1080.9443172353
2846.59577985735,8259.7836516292,2903.75242175696,2859.73550126823
3349.08339936146,8946.20711160759,3520.70199073298,3367.02157430843
1591.45791589333,3665.80471015578,1605.49137302052,1801.03064870425
2805.40712354764,3073.54075292563,3138.58641818516,2527.11581472995
4925.40108379262,1957.74751022258,4415.11203354199,3148.91118510666
4900.23033994549,1616.58279972757,3744.50746238234,3034.3856964602
7117.07387761767,4315.25710461258,6873.83884455282,6020.33322653669
3202.58547523387,3601.67500172176,3247.12899032626,3194.93737885802
3460.88200662233,3105.55842137994,3590.84597667761,3234.84443912789
2834.48513751779,4896.73339227062,3199.27328411563,2682.37421196199
7618.06736583102,8468.55442021058,7681.21711700294,7794.37243622159
3388.03055041196,9383.14801223772,3669.9203269312,3378.68260892478
2762.73213568181,9269.44272141382,3225.97018857075,2693.50209224592
3164.39228654458,9446.92737992678,3348.32918376414,3168.71306323103
2304.20735239277,8905.2212744544,2621.90053848328,2260.66930654196
1862.15384687286,3736.74934052583,2112.54272000074,1840.70161532613
3304.90936078948,5222.99365833732,3779.93732731383,3205.39382262031
2490.73453604338,1854.91462929618,2597.2669782972,2130.74796783247
1852.65157093559,1613.86583223508,1956.75781605388,1658.83123905391
2096.38801247037,2719.03296740112,2328.69920115745,1984.92614700317
2410.14086853261,3492.86796493241,2454.26290803765,2438.78747464507
2930.56734902706,3130.43560556133,3111.50810852605,2773.33760104003
2948.74761791559,5722.88038556033,3232.05155441663,2939.21402879735
5162.98509628349,8300.36065720238,5688.47591064526,5135.71069085819
980.663906786641,934.246557950317,983.912804474796,976.548917576638
282.994540385681,858.658887837043,268.637283341609,301.240989674038
466.927712774446,1499.47431139604,468.059904533918,466.972923977184
765.491752599825,7568.33583813422,793.021862911685,796.145230051784
1750.42568485174,1617.42295943441,1739.90730076058,1759.99922810341
1582.99282405248,1830.46159843083,1580.71721760752,1588.73746750386
1345.82066306245,2037.52824287909,1626.28203514593,1251.84484803517
3253.27615892646,1911.41083012707,3225.56750525251,2399.87191783895
2213.55076694882,1895.03970624934,2303.7644772152,2025.82406160291
3771.42404101519,5025.04765609641,4012.55676017154,3678.67328416015
1977.82283339738,3157.57825288866,2309.7572696382,1891.84472222282
2350.09916779936,4213.04703315581,2642.75102281117,2248.36552537994
3052.47905857857,7015.55618054896,3514.73969148539,3011.49410585479
3937.2165252845,8595.38141854185,4404.89245596692,3931.37373068133
1609.49673878705,8682.61012026319,1851.53661380004,1611.8660731815
1383.66969457277,9328.75140535265,1576.13078197007,1374.33704041926
2485.57530724869,9093.35844852846,2590.02031925092,2496.26354715653
1685.61111370314,7456.9465222685,1988.25586936084,1638.15961468095
2065.96089733295,3292.71919212084,2249.7754583252,2063.58824093456
1547.66529943262,2656.22161896734,1820.06808782473,1475.76635238466
3121.53635057007,1938.34242281077,3040.22780093328,2422.73306088492
2448.87112355011,1916.06824209645,2472.26875976499,2238.17867292217
2673.71071628637,2725.54909744375,2751.79507208609,2600.4127535114
2346.98033141278,3468.19881322241,2418.86495335489,2392.31619282011
2417.80198871688,4810.7401874004,2696.77289039582,2391.10141601385
6206.72157222787,8134.20446911041,6483.04133991169,6210.76230604736
6029.13144834022,8914.58012501462,6517.5916231862,6075.6151990387
4996.69879748202,9326.0777870096,5355.96832059692,5035.46986635688
1312.11753072611,9287.62704966744,1482.6820943703,1309.49839097034
2216.91011440691,9145.76075701843,2319.9731726532,2231.08667861373
1709.9845637202,9073.72679403655,2041.04204190253,1674.83336356672
1529.72161087927,2931.2939435988,1706.67808962934,1511.4808580139
1783.96844231392,3987.3604599468,2084.11850248323,1770.86393349847
2097.51395904404,2058.07987567984,2344.84372755884,1833.24502005645
3278.23207933582,1624.91854462089,3062.31964148869,2647.12436009835
3224.77170310552,4801.39688499748,3612.44617866106,3089.16117875672
2875.76270655567,3422.31614335843,2965.60351593479,2828.06771798389
1788.03835231548,3196.18198782229,2079.6583337014,1688.96650134306
4394.85838048735,5757.34386052213,4816.77287364451,4175.30164895796
5718.97618497111,8625.66043006897,6110.0777827719,5761.10801739044
3796.75763291648,9537.66573111799,4087.87914780263,3830.00037203512
1283.67237440852,9396.58610013931,1451.6397990545,1269.20207513141
1938.95450790947,9089.42630221395,2094.2448267937,1949.13064663624
2253.46338478485,8871.25058293452,2543.03591686942,2201.63208497342
1617.39999211758,3632.49925542428,1861.21770831085,1561.59079338141
2066.61390565032,5176.25710949187,2423.49279339289,2017.65423882239
1455.03451700276,1741.08886893806,1623.05894120178,1368.07195259758
3832.95569389855,1681.46036423878,3305.76893154727,3051.04070962233
2059.55133710385,2667.82812538822,2210.84735016882,2011.18483710159
2628.89817113346,3480.79267220063,2658.73943287635,2646.52953983337
2415.08422181779,3059.84377893239,2543.23341612352,2394.63059458766
3070.92092545093,5859.48927665387,3388.52505960949,3002.65712115734
5515.11490893524,8824.75380974194,5939.09957081627,5602.89048836201
2957.79805562953,8722.85111759755,3353.99029954703,2989.65515566838
1492.84003147489,8715.36633631176,1752.43632267629,1490.55657583987
1286.630758895,8880.44972846988,1454.87687937869,1290.84337665308
2001.53608425999,9641.83080705325,2126.2197174902,2006.89520657636
1406.48281657871,4567.89659101902,1612.12625364737,1396.19956863225
2370.23298435596,4510.90703020207,2689.91812018499,2314.09054503276
414.06889253794,1760.35942145461,449.872070636903,415.049466028241
2339.9850452147,1764.79732952465,2428.20433633698,2045.91731484546
2850.7311235747,1916.80621339834,2888.84204751652,2445.24737317961
3320.94177648252,4808.34741886608,3460.44256531936,3280.50137079144
3311.88279469767,2713.95417805312,3297.79248095081,3169.92076806477
2834.34352311992,4620.62865074137,3138.62741775097,2767.65088356198
3059.51691376766,7384.01131484515,3531.25830733475,2980.47866455336
3159.63509568381,8944.01640037159,3555.16096020816,3136.09174497426
2062.30394099909,8069.82149476847,2185.73908906619,2183.51792912683
1474.29829673914,8650.70418568788,1652.51662398721,1566.19036772518
2524.74997297745,8630.24494909689,2561.94919885296,2524.46704476287
530.517578663286,5926.45769587712,612.256951842513,517.66297307965
2043.42935238854,3356.53451344415,2262.81275134037,1981.91420491633
470.774297570999,2478.39389878017,518.918104984074,462.840096109771
1837.52620020983,1960.28820005384,1994.12158354208,1712.9361585273
2299.69297940819,1818.49981515453,2335.02594845409,2099.27962588678
2330.79855858372,2597.80488315076,2402.58743709741,2284.57456159781
2899.19911973286,3428.83811866537,3049.902379115,2805.92214138922
3279.56659346136,5257.11158424563,3566.78667881157,3253.21064005007
5656.394075548,8303.89567440765,6076.86940921728,5705.09769733976
2714.7944968561,8708.84889287593,3066.42202034236,2727.05866680406
1175.52410724693,8887.45492608141,1280.51159811773,1172.12961433936
747.761060281788,9129.77007664069,896.018111649583,733.049189588318
2777.1550841008,9170.88397644059,2828.64694943522,2779.34589169545
3079.88027873225,8952.21538557661,3324.2118653369,3082.87121664205
2161.3535294933,3863.7067091353,2180.13175977507,2392.40188636595
772.824714424873,4647.26108875948,840.160607039027,813.319929242892
1453.70795464719,2217.73378709972,1619.28893350868,1404.51395239259
2980.18247457151,1563.52646506431,3181.19806868955,2182.30629897372
3928.32165768181,4873.34998917371,4345.85589245389,3671.93149926183
3198.76301135327,3255.00939524748,3205.79374539804,3195.03761583374
3851.22232554724,3407.44339889052,3995.44121866219,3584.70571657326
3974.80015604733,6146.1614477199,4442.49284900494,3803.31436731839
3566.78307079274,8901.25742673154,4040.01970004948,3552.79099122329
2797.51709581925,8868.78757708955,3024.20106600533,2829.48193757295
1439.57152716988,8328.2586730646,1471.94608151578,1674.40497908593
2354.27949548905,8722.07891535614,2413.51706423922,2379.10071829057
524.539983693032,7437.82486531937,547.540832054612,526.125701156285
1445.50154077796,3326.7114276988,1643.99880687298,1445.75716347266
1250.87649607963,4905.10333938621,1462.23685454344,1234.80615018153
669.594445622859,1826.52078262457,770.403451507158,665.939458038544
2191.73257619685,1660.55797264501,2221.3348153655,1946.79641631511
2540.15475101009,2770.36644529113,2806.89747417845,2329.81066064521
2956.16361105934,2695.83306241932,2933.83669191247,2969.57363744274
1921.26276912908,3183.27207955878,2203.59027266975,1866.77309904141
3129.92694131211,6411.74397080935,3485.6386295255,3097.93714511881
2373.08362347486,8613.44168160638,2806.87762406523,2335.17569202566
1116.57988508668,776.708661559152,1105.01378622664,1124.09934477482
1208.33251572795,834.456510041455,1200.98786672656,1212.62628404398
1185.04773381007,889.723380252524,1182.23267972227,1186.15182674571
1393.60155067837,1200.41319923833,1396.04876899779,1389.95459021858
1695.58447387917,1868.54810557886,1697.08082386485,1695.01157517602
1020.2463687194,1850.36242764096,1019.42740536899,1031.86304972407
413.035645276813,1830.8539812279,448.603812494188,418.281105358624
2789.25307066084,1802.34299485394,2795.89781105236,2205.76500013084
2676.13366579634,2012.9736221258,2666.10745767427,2439.36357291587
3838.27979759252,4709.17611130805,3963.7585037953,3777.12385633184
2853.00967180201,2835.04872510075,2965.28101900848,2728.57409833111
2422.58561790269,4468.95657423994,2772.35067557096,2302.91340526994
2427.62822226206,7411.5546706163,2814.3128930184,2390.36676593807
3788.84920279176,8307.4077859589,4184.14049322661,3778.74631081796
1802.37494984773,8379.28962798471,1948.06182716933,1964.77160811372
1613.76818172861,8870.43266952438,1773.41485965274,1690.49726357604
2445.88921433618,8116.2905420996,2488.42070272141,2460.15207592949
612.384544768786,5511.21120839596,698.001471740437,606.236702815837
1731.1811936439,3407.86778667478,1957.14584611629,1698.95537217011
340.538624374796,2024.61764518612,372.825874370378,343.448595498643
2877.66784437368,1848.78670933669,2789.24232104759,2296.26877427395
2231.56203801798,1807.32128006768,2274.40113381663,2051.37002291435
3485.59834497583,2594.59260914918,3538.4547715273,3312.99842721911
2611.09865858068,3255.87491280512,2736.69552024305,2545.87899838685
2836.005481714,5282.20639443693,3086.16038734664,2820.32303054471
3980.87633649611,8249.46919418884,4561.56937121806,3907.51337856897
8376.92352782107,8673.16118443264,8209.96047281717,8753.72573616702
528.965009374798,9252.61240907373,600.167229322332,527.051290133959
977.060615382758,9211.18208405578,1112.18895654324,977.412040625926
2697.05721213296,9091.25879839008,2739.2253470774,2714.76494651538
2852.30567761388,8555.57070519997,3008.84163427703,2874.46076236031
1938.32954659083,3605.68423124537,1911.55625574662,2247.16757801284
492.793319887854,1653.77703863801,505.104558576312,618.505956466897
1547.77730676584,2191.89705841766,1800.20249041419,1472.11420483911
2833.74250310967,1664.76268127397,2763.95979579903,2259.28480764348
4402.16537770768,4991.17929179897,4752.32653984506,4164.9219838034
2788.65517117215,3222.4452344997,2818.12149978543,2783.6612969678
3635.08212630968,3544.7621053625,3798.32209643579,3435.39771052323
2923.87353288323,6117.4354177991,3199.71841066868,2903.83687663685
3554.4049278025,8736.11902488647,4065.0627663578,3546.29776373002
2628.48759567409,8527.24648509033,2827.47280057293,2652.79588558842
1683.59330542808,8443.00147088523,1734.23333225766,1941.27953248495
3022.15204926431,8250.20198264016,3080.75855483854,3048.1052280338
561.23566675162,7715.41416732101,578.365885403872,565.284503959555
1325.95342587389,3059.22331524017,1541.40257957636,1286.44796965965
1025.75244774869,4681.29632512879,1313.95695686221,991.78366266619
610.557953467448,1980.32005939883,723.353763196786,608.035953970841
2304.80493212425,1670.45517463516,2385.89233579257,1915.60034576127
2101.85691584208,2704.47626373485,2362.36497376716,1960.28456923848
3060.52266525759,3200.49980286035,3066.52176380695,3060.23676373112
3154.90994207293,3052.04105718525,3199.76403905594,3075.79541391916
2889.29359866178,6387.15255124779,3128.18092807889,2942.52285510646
3564.0785645601,8982.8747332026,4076.83185314032,3520.14249881365
2951.69644674879,8844.26864687222,3250.50630418517,2960.48245036111
370.612438844698,7926.0460712325,398.92065640486,368.355586584997
1773.64050452158,8808.91781402523,1882.52160579306,1769.98738044472
2370.12533785746,8815.63205379971,2481.0241715927,2366.56845095157
1559.65170135264,4627.15748018391,1658.00879235834,1696.41214510565
2818.4336171018,5000.07439093304,3037.10951596611,3012.65415420161
2078.5058378562,1927.72740170491,2271.37701619409,1845.59345254545
3206.67104098531,1717.88917707023,3087.40908050846,2322.39484720529
2740.79262635264,2290.99472460246,2908.47103556141,2412.63691070904
3211.84572814343,4943.9276115787,3384.04991275882,3185.56745186467
2868.4424826007,2729.15356401416,2864.84394186209,2840.33413210958
4571.5297441633,4295.10903305901,4756.69967793533,4321.89263566924
2341.49401275116,7648.37885826709,2655.64828670386,2337.02821950495
3811.37597773545,9002.62943894193,4252.55933882683,3813.65863178704
2984.32151955348,9226.42173577528,3414.89195720432,2961.63622212285
2836.48322256908,9245.80950042018,3198.19474734845,2812.67820164301
2878.47019431295,9176.58891994534,2994.93340604232,2874.73247235639
2852.41994288489,6261.97580799138,3142.3754814262,2830.96471318457
2615.80294434562,3557.08583333381,2747.064967356,2615.39145258196
2372.65137161922,2278.43471041997,2524.27700198427,2189.20332949803
4098.46519274483,1823.54387554698,3429.42824063004,2894.28013744923
2421.33495846509,1841.67432634178,2414.76250590909,2218.47308778097
2687.83261126545,2736.22803907364,2811.62146029475,2569.14975740409
3050.80578804891,3566.15131199325,3167.29878463493,3004.69701122528
3574.78243347115,5368.45959283769,3851.82013873815,3498.07288704149
3979.8103068999,8604.02857941089,4423.43371787756,4009.84186571679
3836.80575147786,8089.10477299687,4263.75983286322,3828.94521565568
4523.29392225693,8726.67980489771,5013.78924360688,4555.66829486048
3397.59273403771,9136.45190117831,3808.36936440707,3352.41755794355
3074.65607077945,9617.24858591048,3196.58923822005,3078.27279875275
2990.01830829898,8650.64430711269,3389.77744714471,2922.09006718642
2725.12083080482,2985.4646776763,2808.85885743464,2680.37372524406
2099.18722158597,2889.96078514128,2293.01178683111,2001.26382809806
3427.30292218626,2092.81184940889,3451.7893824267,2732.77218429152
3191.86956262268,1676.86302107792,2870.95827026828,2641.82520726244
3213.73820640933,4630.21322826459,3590.4595087313,3037.42270053947
2709.05479774069,3241.14108014072,2780.87200336526,2686.92659893898
3971.71161046735,3471.83598182443,4228.44701119728,3593.76869998966
2321.69677498168,5702.847289501,2613.68887519296,2256.30096069848
3519.11622274275,8230.30426011279,4032.14970313992,3461.96385470627
2626.36649255593,8659.12160475571,2859.86081096724,2634.80191449045
2481.2886884603,9065.57831476193,2772.35361195726,2469.30673557567
2935.53487541383,9359.04419235943,3077.36534660982,2945.9357422697
3660.74466976558,9075.01394038525,4071.47049698814,3604.23877366604
3055.00468102013,3433.7673075292,3146.08041760144,3027.8994473745
2723.44786322467,4766.95040802041,3122.45043231717,2597.2856223263
3723.72637328717,1778.66912343904,3536.32462350215,3040.52226874995
2547.67676863471,1768.57889060598,2475.45595463476,2263.56064623765
2764.26789624856,2971.52566269212,2968.64143511453,2597.71199811943
2677.99692713073,3310.63852440538,2720.55970560935,2678.0837429781
3577.61500604353,3254.20186094612,3515.1856696389,3549.58484060379
3384.4934441769,6849.53477053761,3805.24237422075,3375.4447724055
3136.06501522958,8058.29539700758,3622.03718618847,3084.28371763269
1059.66104387695,736.533914866398,1039.79585785575,1057.73004499906
658.215370360614,1117.32100185263,659.904068050702,658.219242548386
739.383742875959,1085.99745167542,739.486144418533,740.67578190228
1088.583536788,1084.67290268792,1076.81820608911,1100.75899555337
986.883713479241,939.363324854942,976.417779991001,994.596549765601
754.458793270225,1239.24745086873,772.113232836646,764.958903549529
288.947444031381,1691.97459865329,342.27460210515,293.359171895294
3948.76079430993,1671.55427297206,3396.72292292669,2530.62293637167
6718.69953872804,2180.22756139071,5071.81227714029,4287.3254095882
3665.79104657355,2740.60172260748,3711.54818660241,3527.70951261055
2849.96107009772,2538.03378399711,2879.31554949282,2710.25517422692
1536.87521577875,4186.81529241262,1739.96074769863,1511.60745913312
4859.1056423668,7458.56543566798,5373.72253491639,4802.60491206605
4838.81288728258,9305.87306265117,5271.16947944333,4890.71702484591
1557.36135405319,8685.65561928143,1647.41468738463,1762.33212850911
1268.53096697055,8739.56797481222,1443.68021456449,1359.31346328321
1789.79899779879,7218.74109239835,1834.51792915774,1790.76396766966
877.122682502834,4834.44413134963,990.912310854658,867.398334522197
1652.00547818067,3559.70850863771,1904.08904392913,1621.74943389843
256.896961618201,2201.0817828408,288.197159585439,275.994798505442
3378.98927731015,1809.30455485241,3105.20741921745,2508.74638515229
3614.3087632768,1902.08906343765,3702.53876462644,2491.63144255378
3503.70211786277,2559.37887407229,3556.67785364277,3344.54055975911
2148.23828635288,3236.53808317152,2364.60933955824,2056.94328622805
1976.83000294842,5616.96717700066,2263.70394389154,1929.94407342005
5140.43970414741,8153.43537139987,5546.58460564234,5186.96464380426
4304.41760874959,8083.24880657421,4929.00940473214,4201.03792164932
418.659368709702,7740.46294144501,473.092519583717,414.19411890425
1032.53721603938,8940.68117556841,1180.84890133945,1032.79375525246
2932.18646729389,8947.2567468916,2960.55028848061,2951.17734381658
3259.98997162089,8300.19837660199,3455.54969753078,3269.97319484024
1668.959569059,3866.25349751255,1722.5639496865,1885.61269131599
349.294869965348,3785.275465954,397.975572990913,378.015415393124
1914.46094824911,2168.46772525411,2267.62266247069,1654.03941285041
4475.16504695954,1692.16700467049,3518.7811982944,2783.71431156058
5612.94945147338,4768.39938777706,5873.66762650659,5076.60111616961
3414.49162366323,2938.27404187125,3404.60240456775,3375.03416336817
2898.75677465587,3853.78958375294,3134.33093483925,2798.57666399099
3592.6051867971,6338.15326470478,3975.75673057838,3529.159877988
7490.47129959006,8657.26410254887,7633.60854014875,7631.36848368862
3037.42461244813,9151.48340020195,3239.20939743165,3086.55259243572
1423.54003190255,8658.96007892903,1483.22868662997,1672.06930824659
2776.80194555222,9084.64232524121,2847.30739606449,2781.51163772024
367.617211526302,7923.80333217624,390.604460915493,367.760630639981
1199.72876665897,3080.66561764691,1385.105354162,1189.55975216702
759.701966255212,4868.52648558192,934.670929547535,771.019476913106
711.395375765771,1834.71670285624,831.750281884785,723.58765841036
1745.43586370878,1672.66834013307,1866.11564177526,1598.88439115171
1830.7603292164,2592.99401873278,1994.47369192106,1786.71101417589
365.851377808838,1561.61545381429,411.556249258687,373.216845936717
2532.5050504973,1569.01136650964,2457.13971298784,2118.13093375821
3269.53082493696,2103.9838095633,3245.51494724374,2874.11871325139
286.353395020577,1656.87784037861,328.872987247703,293.842627302795
2843.36350691418,1863.24939423271,2874.31451624366,2165.43155580272
4478.11167390635,1700.07255326786,3609.10749300975,2914.99580938927
797.771742525224,2167.34147882335,927.060713414881,794.442576646705
737.230649040679,900.450901137468,766.994364903444,724.323907922105
1565.96976330685,563.848014913857,1459.93508833118,1495.58873689189
1453.46520856034,485.744445894171,1434.09337226737,1445.39689801211
1808.03896022326,742.027588050375,1632.20603109523,1592.38308712201
522.411439440474,477.626584457861,494.993633062691,468.609551671935
622.003298036167,701.398062624107,705.836749176461,692.307672774273
716.701601853787,716.33731469199,718.40250246907,714.280202344395
911.645856786306,539.46761291386,541.704033899346,549.060928707492
1531.57298260546,850.731545974804,862.04073337182,860.350279278367
3065.00516892394,594.26231602859,632.877473087477,632.677416894987
5814.78553995654,878.397916946676,989.016754015157,989.850608245434
7464.3407479811,1722.20666196658,2465.94586851409,2526.81083547969
2381.48551727499,4466.17987024384,2503.55153532084,2267.36206493737
